7.53397506e-6   1.7233338331845866e-7   1.7233338331845866e-7   1.7455018424993723e-7
8.05340538e-6   1.8380638022554995e-7   1.8380638022554995e-7   1.8617076341730073e-7
8.60860242e-6   1.9604218521728498e-7   1.9604218521728498e-7   1.9856396300885594e-7
9.20207256e-6   2.0909247456909235e-7   2.0909247456909235e-7   2.1178212403493837e-7
9.83645766e-6   2.2301154095475414e-7   2.2301154095475414e-7   2.2588023756013216e-7
0.00001051453506   2.3785627064828501e-7   2.3785627064828501e-7   2.4091592161188717e-7
0.0000112394208   2.536905556657031e-7   2.536905556657031e-7   2.5695389007763084e-7
0.00001201423092   2.7057784924658205e-7   2.7057784924658205e-7   2.7405841242416955e-7
0.000012842487900000002   2.885900073748936e-7   2.885900073748936e-7   2.923022689509451e-7
0.000013727849700000001   3.078013307520551e-7   3.078013307520551e-7   3.117607161223324e-7
0.000014674245240000002   3.282914762589625e-7   3.282914762589625e-7   3.325144354811029e-7
0.0000156858744   3.501454067992683e-7   3.501454067992683e-7   3.5464948284651455e-7
0.00001676720802   3.734533422931302e-7   3.734533422931302e-7   3.7825723867767087e-7
0.00001792312338   3.983136224403398e-7   3.983136224403398e-7   4.0343730766164527e-7
0.00001915876872   4.248297237694182e-7   4.248297237694182e-7   4.3029449739155223e-7
0.00002047956324   4.531102145199172e-7   4.531102145199172e-7   4.5893877266848e-7
0.000021891400320000003   4.832730477602801e-7   4.832730477602801e-7   4.89489603843635e-7
0.00002340057978   5.154440285399017e-7   5.154414488400225e-7   5.220744142526966e-7
0.000025013740139999998   5.497553020369965e-7   5.497525506156826e-7   5.568270489160607e-7
0.000026738197319999997   5.863524788021866e-7   5.863495442189242e-7   5.938949914376025e-7
0.0000285815382   6.253859048993079e-7   6.253827749611303e-7   6.334273718446524e-7
0.00003055189158   6.670163454576154e-7   6.670130071669561e-7   6.755931135810758e-7
0.0000326581314   7.1141916742758e-7   7.114156069091945e-7   7.205668851396931e-7
0.00003490953804   7.587732834876943e-7   7.587732834876943e-7   7.685337460972125e-7
0.00003731613702   8.092831300227087e-7   8.092790797035636e-7   8.19693324876688e-7
0.000039888699   8.631564867494757e-7   8.631521668036943e-7   8.742596802835927e-7
0.000042638604299999994   9.206159794763573e-7   9.206113719559623e-7   9.324583018682339e-7
0.00004557804612   9.818996524265134e-7   9.818898239700997e-7   9.94525350189669e-7
0.00004872016602   1.0472636401049052e-6   1.0472531573788803e-6   1.060729816781545e-6
0.000052078918439999995   1.116979187126947e-6   1.1169624163182003e-6   1.131341796981782e-6
0.00005566913844   1.191327950890166e-6   1.1913160261032375e-6   1.2066526089458633e-6
0.00005950694814000001   1.2706336958142328e-6   1.270614617922477e-6   1.2869721039652576e-6
0.00006360928254   1.355217679751292e-6   1.3551973318758307e-6   1.3726437087147952e-6
0.0000679947024   1.4454379446928746e-6   1.445409008082494e-6   1.4640167878903954e-6
0.000072681633   1.5416395920043587e-6   1.5416087294301356e-6   1.5614627717226628e-6
0.0000776923608   1.6442670007089372e-6   1.6442258543791458e-6   1.6654015333831858e-6
0.0000830485626   1.7537181934771121e-6   1.7536743081180485e-6   1.776268443469402e-6
0.0000887739474   1.8704627784114115e-6   1.87040661032586e-6   1.8945047715486026e-6
0.00009489425639999999   1.9949734064027843e-6   1.994903514800805e-6   2.020615861257963e-6
0.00010143590820000001   2.127770635234802e-6   2.1276747931884563e-6   2.155109286098222e-6
0.0001084287084   2.269400151963539e-6   2.269286572351633e-6   2.2985586021976334e-6
0.0001159038174   2.4204616806332413e-6   2.420328426484009e-6   2.4515489354022927e-6
0.0001238937504   2.5815682269492365e-6   2.5814002627190927e-6   2.614724740555599e-6
0.000132435087   2.7534103349125283e-6   2.7532174095338397e-6   2.788760132046423e-6
0.0001415650842   2.936672683316908e-6   2.936437521395272e-6   2.9743754926341036e-6
0.000151324386   3.1321460986762577e-6   3.131848256262213e-6   3.1723428402450806e-6
0.00016175634600000001   3.340611381782897e-6   3.3402602765771207e-6   3.3834668740975797e-6
0.0001729077048   3.5629562675793115e-6   3.562528296625835e-6   3.608646424666231e-6
0.00018482791259999997   3.800101662328841e-6   3.7995691302092833e-6   3.848813995950103e-6
0.00019756980659999999   4.053009062257287e-6   4.052380231958004e-6   4.1049433140794285e-6
0.0002111902884   4.32275154912162e-6   4.321972692512021e-6   4.378120857344754e-6
0.0002257496466   4.610443990706184e-6   4.6094748501359e-6   4.669452295357706e-6
0.00024131291159999998   4.917262412128409e-6   4.916105720461857e-6   4.980148728958836e-6
0.0002579485008   5.244460857251482e-6   5.243043456686932e-6   5.311479685812086e-6
0.0002757309282   5.593431666376098e-6   5.591723981254128e-6   5.664854530627617e-6
0.00029474012699999997   5.965640662497455e-6   5.963520764029377e-6   6.041697040896843e-6
0.00031505874   6.362532716554956e-6   6.359953327563416e-6   6.443586425998205e-6
0.0003367788936   6.7858120331050476e-6   6.782687435013099e-6   6.8721229978138285e-6
0.0003599961012   7.237244302633023e-6   7.233404714032551e-6   7.329153203822136e-6
0.000384814005   7.718633645196925e-6   7.713997782893325e-6   7.816463967774634e-6
0.00041134234379999995   8.231950852186108e-6   8.226306215544543e-6   8.336083046313163e-6
0.00043970034   8.779377856995847e-6   8.772522899059142e-6   8.890173131474693e-6
0.0004700126352   9.363148436497543e-6   9.354712893634376e-6   9.480937665411821e-6
0.0005024147094   9.985587700390085e-6   9.975341779491082e-6   0.000010110810185014693
0.0005370508488000001   0.000010649304424013154   0.000010636778292987017   0.00001078237364229403
0.0005740748232   0.000011356910016777082   0.000011341732284452508   0.000011498257193684014
0.0006136512408   0.00001211141253274185   0.000012092922546574473   0.000012261427393774438
0.0006559555482   0.000012915837414163624   0.000012893209812666827   0.000013074916249055741
0.0007011767399999999   0.000013773355298854716   0.000013745846617782208   0.00001394189946440509
0.0007495160040000001   0.000014687448542096388   0.000014653922783344105   0.000014865937416564724
0.000801188076   0.000015661820135405343   0.000015620973269428043   0.000015850592089173926
0.000856416498   0.000016700217361460763   0.000016650474488774756   0.000016899594123619255
0.0009154586820000001   0.000017806962315883438   0.000017746432893054315   0.00001801715872632896
0.00097857204   0.00001898630481126867   0.00001891254397315778   0.00001920758737959851
0.001046034306   0.00002024279822883873   0.000020152902980237532   0.000020475196736250893
0.001118143536   0.000021581289815065344   0.000021471723019825314   0.000021824754418975654
0.001195231656   0.000023007047075022796   0.000022873646457299356   0.00002326143762819177
0.001277623818   0.000024525073828479432   0.000024362598620444347   0.00002479001582231591
0.0013657061399999998   0.000026141485013844346   0.00002594367698718982   0.000026416197424230293
0.001459857966   0.00002786185176963682   0.000027621146357404486   0.000028145329819915566
0.0015604992839999999   0.000029692421533510567   0.0000293994395189836   0.000029983260422563533
0.001668077178   0.00003163956815732714   0.000031282960784915084   0.000031935889525995057
0.0017830726020000001   0.00003371000729764218   0.00003327614174651243   0.0000340090371484152
0.001905993606   0.00003591045611645346   0.0000353825271260492   0.00003620870346546813
0.002037395658   0.0000382482902949593   0.000037606162709795404   0.00003854124324010725
0.002177847774   0.000040729914199474534   0.000039949226527684624   0.00004101226764169299
0.00232798671   0.00004336317642635017   0.0000424142285345832   0.000043627649504291666
0.002488476318   0.000046154966574231534   0.00004500187863547656   0.00004639261180647252
0.002660034642   0.00004911208414198621   0.00004771160231645051   0.00004931203071961668
0.0028434135959999997   0.00005224148127750009   0.000050541343054712136   0.000052390119159512435
0.003039432834   0.00005554950656960662   0.00005348652816178645   0.00005563031392962598
0.0032489662020000003   0.000059041569036252565   0.000056540314830072484   0.00005903407750663595
0.003472948512   0.0000627228586885615   0.00005969173809289427   0.00006260265829642782
0.0037123755420000004   0.00006659654977895855   0.00006292710872398502   0.00006633407184379311
0.003968297262   0.00007066521133504289   0.00006622679520198225   0.00007022425172896602
0.004241872026000001   0.00007492900650531114   0.00006956608178535227   0.0000742676319566227
0.004534298832   0.00007938568259808262   0.00007291394879225525   0.00007845317448163018
0.004846891836   0.00008403061645406964   0.00007623148585415896   0.00008276751487193987
0.005181032934   0.00008885534173219842   0.0000794707448457246   0.00008719151656321806
0.005538212406   0.00009384701532568683   0.00008257571474060243   0.000091701361595859
0.005920008594   0.00009898816599936468   0.000085478523612546   0.00009626700756868947
0.006328128546000001   0.0001042560818631298   0.00008810090390084018   0.00010085251275349808
0.006764380919999999   0.00010962084947504441   0.00009035390265077483   0.00010541429208011417
0.00723070308   0.0001150464816433328   0.00009213668168473245   0.00010990186630755602
0.007729201739999999   0.00012048822951820083   0.00009334070380838512   0.00011425726829181563
0.008262044579999999   0.00012589295689440937   0.00009384950132697104   0.00011841484579319966
0.0088316025   0.00013119937102662737   0.00009354350917511587   0.00012230403157665362
0.009440449620000001   0.00013633789328377645   0.00009230674375319843   0.0001258473558369937
0.01009129554   0.00014123073593172368   0.00009003660895272325   0.00012896565415643622
0.01078698534   0.00014579115442562348   0.00008664864413496804   0.0001315757578063147
0.011530635059999999   0.0001499314630796078   0.00008209559897770303   0.00013359733054945776
0.012325496220000001   0.00015355183972439894   0.00007637102528368391   0.0001349507131186093
0.01317522678   0.00015656816286302712   0.00006955235863328679   0.00013557508340165142
0.0140834847   0.0001588860550627371   0.00006177360051515131   0.00013540617339345505
0.01505440212   0.0001604252431426203   0.00005326034225771457   0.00013440276879264686
0.01609224666   0.00016111403806238591   0.00004432351818569954   0.00013253929818100545
0.01720162464   0.00016090114385934143   0.0000353467791508444   0.00012981219719725035
0.01838748108   0.00015975139415583758   0.00002676210280003758   0.00012625010604831648
0.0196550997   0.00015765513101284308   0.000019003834581007758   0.00012191394888096714
0.02101010292   0.00015462519000585228   0.000012449547583286395   0.00011690819164025057
0.0224585196   0.00015070275217050587   7.354801457620632e-6   0.00011137807033773886
0.024006785040000003   0.00014595492132817524   3.7956343340523136e-6   0.0001055170944199539
0.025661808720000002   0.00014047530055833155   1.6378641478622781e-6   0.00009954197041886012
0.02743090656   0.0001343816576244588   5.64677636721793e-7   0.00009368174397166798
0.02932200414   0.00012781665253867218   1.6410754925159783e-7   0.00008813802016759618
0.031343433479999995   0.00012093548569655435   7.459857095716566e-8   0.0000830622673718198
0.033504203999999996   0.00011389240486070883   1.370487504464434e-7   0.00007852781399858803
0.03581393478   0.00010684213555620849   4.6874386048186765e-7   0.00007453603047174213
0.0382829223   0.00009991532777164691   1.3708435684932998e-6   0.00007100899794242628
0.040922140440000004   0.0000932137845673933   3.0489884017337034e-6   0.00006779056791485266
0.04374330822   0.00008681706148294275   5.275669141173652e-6   0.0000646549877294257
0.0467588898   0.00008072843453138608   7.243411773881517e-6   0.00006127727611408714
0.049982433179999994   0.00007489936503046648   7.89930716387559e-6   0.00005736004637432676
0.053428163759999994   0.00006928683508119967   6.70569063261609e-6   0.00005279634644295875
0.057111458520000005   0.00006386068269402943   4.225650238434942e-6   0.00004773723925923288
0.0610486428   0.00005860518582948027   1.8137684604536105e-6   0.00004254544151978307
0.065257329   0.00005352415914095994   4.7556269558163597e-7   0.00003770746235210553
0.06975594239999999   0.00004866768504130883   1.061093066279538e-7   0.00003368643601835491
0.074564805   0.00004412761747142026   1.570625651640269e-7   0.00003069351244590946
0.0797055936   0.00003996890677609194   6.958739881914152e-7   0.00002854908646871092
0.08519998499999999   0.00003617654866756801   1.8219938489081061e-6   0.00002672458532168967
0.0910737204   0.00003269185461129883   2.485942741087234e-6   0.000024597759400938863
0.097352541   0.00002945047388630655   1.7687325697269736e-6   0.000021917192867073732
0.1040635428   0.000026406104002587396   6.293062349393517e-7   0.000019016434346467358
0.1112378862   0.000023587873200442372   1.738384249206794e-7   0.000016565238453403468
0.1189067316   0.000021049333323678562   2.521154477227869e-7   0.00001491096429317208
0.127103949   0.000018784886940482916   7.217259964019307e-7   0.0000137345288128906
0.135866118   0.000016738054207718106   9.238066734628427e-7   0.00001241088705519537
0.1452325278   0.000014845668544480099   4.6753864977166786e-7   0.000010781237601090455
0.1552451772   0.000013123476479845237   1.894499919604846e-7   9.333054661118553e-6
0.1659474198   0.000011601567767156137   2.807216098169638e-7   8.358345339949318e-6
0.17738802839999998   0.000010253399911991463   4.273617339204785e-7   7.518761431901503e-6
0.1896164532   9.026520659393054e-6   2.647762951193833e-7   6.540450122055545e-6
0.2026889184   7.92501481777415e-6   1.6772561556762114e-7   5.688579743023666e-6
0.2166616482   6.960794862861646e-6   2.258480323453292e-7   5.059886130984282e-6
0.23159831820000001   6.100177413309984e-6   1.8635227013697142e-7   4.4256378961742794e-6
0.2475646362   5.331488635014959e-6   1.340423756466521e-7   3.845208902093153e-6
0.2646317292   4.658563730724771e-6   1.447633053654755e-7   3.381659218717637e-6
0.2828747886   4.061610411393316e-6   1.1232378638157708e-7   2.9376364818468734e-6
0.3023757798   3.5361670334200075e-6   1.0169884319265593e-7   2.560627827802592e-6
0.32322141   3.0750599084480845e-6   8.835183819739228e-8   2.2266801634112077e-6
0.34550380560000005   2.669848874807246e-6   7.619842617921417e-8   1.9328524222478327e-6
0.36932254439999995   2.315254440280473e-6   6.630095581698721e-8   1.6763285152254204e-6
0.3947839782   2.005064366184979e-6   5.756940852766352e-8   1.4518517353259e-6
0.421999878   1.734239444200743e-6   4.953448538587796e-8   1.2555487686843492e-6
0.4510921758   1.4982292022783064e-6   4.3007708436120294e-8   1.084844405317588e-6
0.48218957760000003   1.292802536063256e-6   3.704675422958698e-8   9.360461767527702e-7
0.5154316278000001   1.1143068132230599e-6   3.1937252759547776e-8   8.068121077072942e-7
0.5509646448   9.594074488585172e-7   2.7505934286628714e-8   6.946645383953126e-7
0.5889478176   8.251526721337224e-7   2.3662105016409385e-8   5.974616221150135e-7
0.6295498188   7.089560611411153e-7   2.0332425095848398e-8   5.133293340302638e-7
0.6729501594   6.085255920760742e-7   1.7454586953984912e-8   4.4061413003736106e-7
0.719344608   5.218205627320918e-7   1.4968353060621392e-8   3.7783374970109593e-7
0.768930288   4.4703960463583704e-7   1.2824221616503268e-8   3.236850807509353e-7
0.821943612   3.8263643809967205e-7   1.0978015470488216e-8   2.770586823717006e-7
0.8786081219999999   3.272291160664931e-7   9.389051809616194e-9   2.3693792842217539e-7
0.9391744559999999   2.7959897342122824e-7   8.02350630608517e-9   2.0245118567119404e-7
1.0039203479999999   2.387084745510219e-7   6.850398112629088e-9   1.7284438633233455e-7
1.073130306   2.0363307091634496e-7   5.844056567170916e-9   1.4744633633191662e-7
1.1471159340000001   1.7358169746682284e-7   4.982262633874178e-9   1.2568618623158415e-7
1.22619561   1.478480983410353e-7   4.243861804288604e-9   1.070549211756722e-7
1.310728356   1.2584079235937176e-7   3.6123494125179828e-9   9.111896947171137e-8
1.401086742   1.0703175963554097e-7   3.072605758072306e-9   7.750002868272464e-8
1.4976772080000003   9.097220730193326e-8   2.6118327177710462e-9   6.587164180328725e-8
1.600926516   7.72695271492965e-8   2.218530802273938e-9   5.594997637250057e-8
1.7112952979999998   6.558871442186033e-8   1.883200517028819e-9   4.749208601203557e-8
1.8292712819999999   5.563849782118593e-8   1.597647314869825e-9   4.028728299106196e-8
1.955376066   4.716851208707921e-8   1.3544936118460517e-9   3.415425550187168e-8
2.090178666   3.996405859838884e-8   1.1476464331377422e-9   2.893760157577183e-8
2.234275194   3.3840505196212975e-8   9.71863208048029e-10   2.4503704852743627e-8
2.388302406   2.8638730167722816e-8   8.22503714068142e-10   2.0737186333643074e-8
2.55295125   2.4223384321723192e-8   6.957208519769367e-10   1.7540039164120743e-8
2.728946544   2.04777769993359e-8   5.881754228110841e-10   1.4827965608332062e-8
2.9170808459999997   1.730236677870458e-8   4.969825349037233e-10   1.2528533185681524e-8
3.118180584   1.4611919044671971e-8   4.197236397803952e-10   1.0580482800879306e-8
3.3331467   1.2333654091060145e-8   3.542929033334149e-10   8.930848905158304e-9
3.5629275540000003   1.0405684266147993e-8   2.989220886636025e-10   7.534784738438494e-9
3.8085527939999997   8.774943935280172e-9   2.520835839619773e-10   6.353883917736935e-9
4.071113034   7.396437413383524e-9   2.1248724410307443e-10   5.355739809238887e-9
4.351766628   6.231570576779752e-9   1.7903203947098873e-10   4.512339804873111e-9
4.651780314   5.248029744163904e-9   1.507763074484629e-10   3.800095741680603e-9
4.972468248   4.417766148666892e-9   1.2692805872555155e-10   3.1989109630467872e-9
5.315266518   3.7173466669646322e-9   1.0680667011254355e-10   2.691742719880517e-9
5.6816925   3.1267008834513865e-9   8.98388053631011e-11   2.264060178313967e-9
6.073385502000001   2.6288792346946328e-9   7.553631749330037e-11   1.9035827954894344e-9
6.492079668   2.2094699926400536e-9   6.34866120085096e-11   1.5998893690098715e-9
6.9396243   1.856271979501563e-9   5.33391291378864e-11   1.3441385992033734e-9
7.418071919999999   1.558979366123848e-9   4.479719349300534e-11   1.1288628480516774e-9
7.92944118   1.3088153177742698e-9   3.7609314575576095e-11   9.477215456940489e-10
8.47610298   1.098418001982948e-9   3.1564097402193714e-11   7.95371076268792e-10
9.06042822   9.215332852659598e-10   2.6481333730849158e-11   6.672861800777906e-10
9.68505876   7.728727938407693e-10   2.2209555593158323e-11   5.596415098152401e-10
10.3527042   6.479784949648842e-10   1.8620702416031495e-11   4.692043523720831e-10
11.06641284   5.430988455101631e-10   1.5606824313640034e-11   3.9326100928678755e-10
11.829368460000001   4.5505161477483e-10   1.3076729756889504e-11   3.2950684565788646e-10
12.64482258   3.8116169655825753e-10   1.0953322051937936e-11   2.760020453352683e-10
13.516568640000001   3.1917607385636575e-10   9.172005639635724e-12   2.3111905670779712e-10
14.44840008   2.671940046186976e-10   7.678126680466025e-12   1.9347724975250212e-10
15.44444904   2.236146327805056e-10   6.425641762717788e-12   1.619193162902334e-10
16.50918636   1.8709057135103818e-10   5.375959653940444e-12   1.3547258318917708e-10
17.647286100000002   1.5648695087049813e-10   4.496512382974732e-12   1.1331357126804429e-10
18.8638965   1.30857338116519e-10   3.759883862544883e-12   9.475429823878083e-11
20.16436902   1.0939575511275611e-10   3.1430865764249476e-12   7.921381540108817e-11
21.55446156   9.143078163680112e-11   2.626803956543425e-12   6.620523887592078e-11
23.0404062   7.63969235207266e-11   2.1947415791266434e-12   5.5319037374385954e-11
24.628773719999998   6.381924368281261e-11   1.8332554611263164e-12   4.6211446027135733e-11
26.32667682   5.329958214251866e-11   1.530929411951504e-12   3.859398785423964e-11
28.14163464   4.450351631394628e-11   1.2781381333969963e-12   3.22247540851843e-11
30.0816405   3.7150360580232804e-11   1.0668238997360265e-12   2.6900225418797443e-11
32.1555006   3.100535748772009e-11   8.90225980384149e-13   2.245049184709932e-11
34.37222436   2.587088988012097e-11   7.42677967517184e-13   1.8732636547221043e-11
36.7418373   2.1582005684778306e-11   6.19434141707578e-13   1.5627079345877772e-11
39.274771380000004   1.800028040300985e-11   5.165161474624396e-13   1.3033548733961295e-11
41.982339180000004   1.500987266548931e-11   4.3059305902358747e-13   1.0868196114379638e-11
44.87659842   1.2513816715244023e-11   3.5887568714496964e-13   9.060669351640819e-12
47.970351959999995   1.0430536962178961e-11   2.990282997948801e-13   7.552264953990157e-12
51.27735102   8.69243750598509e-12   2.4909977269623675e-13   6.293767384107635e-12
54.812362920000005   7.242560203930532e-12   2.0745583576292773e-13   5.2438956911702204e-12
58.591103340000004   6.033429959070282e-12   1.7272870936761247e-13   4.368339666827782e-12
62.63030406   5.02518740907909e-12   1.4377589120498285e-13   3.638284182980971e-12
66.94798392   4.184661493837146e-12   1.1964437429022164e-13   3.0296713593104896e-12
71.5632456   3.4840943515206226e-12   9.953540826027923e-14   2.522405021551869e-12
76.4967498   2.900307610274222e-12   8.278196593413126e-14   2.099690078188253e-12
81.77030880000001   2.413913981171086e-12   6.882755492952675e-14   1.7475102185467864e-12
87.40763159999999   2.008749441320654e-12   5.720624882958954e-14   1.4541463120837075e-12
93.43310460000001   1.671306551925148e-12   4.753118506690271e-14   1.2098147405075501e-12
99.8745012   1.3903255762469647e-12   3.947830380546596e-14   1.0063750965521874e-12
106.7595948   1.1563950020351118e-12   3.277700451535682e-14   8.369965495436838e-13
114.11954580000001   9.61672368069714e-13   2.720193818745389e-14   6.960128738279978e-13
121.98686939999999   7.99608816724096e-13   2.256498514395136e-14   5.786798279610091e-13
130.39679040000001   6.647615306632568e-13   1.8709290272812043e-14   4.810520980440008e-13
139.3865658   5.525705501820072e-13   1.5504143870291298e-14   3.9982560674899025e-13
148.99548479999999   4.592425543286566e-13   1.2840500837428618e-14   3.322597738154719e-13
159.26690100000002   3.816225821447594e-13   1.0627580453575034e-14   2.760701529429128e-13
170.2468776   3.1707703332852217e-13   8.789735710682503e-15   2.293451443425334e-13
181.98351   2.634082286257789e-13   7.263924061374929e-15   1.9049642443265298e-13
194.52895800000002   2.187957282849756e-13   5.9976424552861756e-15   1.5820393804493822e-13
207.94012320000002   1.817147176285568e-13   4.9472149328622304e-15   1.3136367504207628e-13
222.275262   1.5089534999374034e-13   4.0761864929850815e-15   1.0905922251772514e-13
237.59872739999997   1.2528710079946608e-13   3.3543130548383495e-15   9.052679019304192e-14
253.97825939999998   1.0401139135373197e-13   2.7563950790873673e-15   7.513100994191052e-14
271.4876946   8.633764339274932e-14   2.2614831005934124e-15   6.234302410800487e-14
290.20357920000004   7.165756508705696e-14   1.8520519475459265e-15   5.172266514800465e-14
310.2099108   5.946631371476591e-14   1.5136746176036036e-15   4.2903768806369315e-14
331.5954288   4.9342932929583666e-14   1.2342586489359816e-15   3.558212689336984e-14
354.4556466   4.09381740077056e-14   1.0037870683518605e-15   2.950425751766987e-14
378.89149679999997   3.396068041965104e-14   8.139126498171589e-16   2.445977620386333e-14
405.0113634   2.816914124811788e-14   6.577195085598363e-16   2.027367166286939e-14
432.933114   2.336269613560482e-14   5.294447958624456e-16   1.680042656440798e-14
462.7786806   1.937392289080862e-14   4.2431265656483557e-16   1.3919126897020539e-14
494.6821884   1.6064367135737146e-14   3.383470703796732e-16   1.1529357514416767e-14
528.785214   1.3318654825006426e-14   2.6825326789234266e-16   9.547604309990554e-15
565.2394949999999   1.1041091328693757e-14   2.1128716086222563e-16   7.904432037836715e-15
604.2062526   9.151877695874304e-15   1.6517152298442962e-16   6.542426159768721e-15
645.8595786   7.585145829289417e-15   1.2801789465572285e-16   5.413573980690115e-15
690.385758   6.285890286519478e-15   9.824935767047847e-17   4.478290907253125e-15
737.9798820000001   5.208680029295574e-15   7.455643744563423e-17   3.703509440282198e-15
788.852622   4.315567859809697e-15   5.585204668227173e-17   3.06186040875837e-15
843.2410679999999   3.57525905509738e-15   4.12253202861037e-17   2.5306741612688313e-15
901.3687620000001   2.9615958360974233e-15   2.9916690244889677e-17   2.091000673616346e-15
963.5066639999999   2.4530187875229823e-15   2.1292195600637466e-17   1.7272488621428081e-15
1029.932508   2.031574705769678e-15   1.4820484767563618e-17   1.4264027357910502e-15
1100.937576   1.682363794780648e-15   1.0056804362140063e-17   1.1776907021787272e-15
1176.833472   1.3930417180552071e-15   6.629622992847727e-18   9.721477345802404e-16
1257.96567   1.1533585879125164e-15   4.2296991255635484e-18   8.023724925036563e-16
1344.686418   9.548194244738725e-16   2.6015684501943327e-18   6.621959421000032e-16
1437.388608   7.903821563488269e-16   1.5372473530523745e-18   5.465052002443044e-16
1536.47868   6.542075700867544e-16   8.706481514227714e-19   4.510622016868533e-16
1642.403718   5.414426113734233e-16   4.729198729053988e-19   3.7235031549841047e-16
1755.6311279999998   4.480737423382114e-16   2.4795936482477005e-19   3.0744903712922105e-16
1876.662186   3.7077872561802076e-16   1.276235633281849e-19   2.5393694139887743e-16
2006.038812   3.067877981512912e-16   6.658685111975383e-20   2.098119172614453e-16
2144.330022   2.5382316946974197e-16   3.6915382439860143e-20   1.7341660987457098e-16
2292.159024   2.0998906502610174e-16   2.2792796794980346e-20   1.4337866593303765e-16
2450.1761220000003   1.7370875411130315e-16   1.5941183711993682e-20   1.1857051564164243e-16
2619.0925859999998   1.4368825018340545e-16   1.2237102537475985e-20   9.80661211699344e-17
2799.6467820000003   1.188475527314384e-16   9.668098283264844e-21   8.110606299759749e-17
2992.6515900000004   9.829482038608635e-17   7.360783488285028e-21   6.707101178121643e-17
3198.9673080000002   8.1290677754814e-17   5.1488957144315096e-21   5.545399179052165e-17
3419.501652   6.722368459475952e-17   3.2356076948067274e-21   4.584038780635831e-17
3655.2368519999995   5.558719486461085e-17   1.843612152458662e-21   3.788854504809771e-17
3907.222878   4.596154597228597e-17   1.0025300253291028e-21   3.13148478114047e-17
4176.5842139999995   3.800022257497701e-17   5.688518095217976e-22   2.5882942846142296e-17
4464.513084   3.141586532002982e-17   3.620066120065989e-22   2.1394312331136436e-17
4772.296548   2.5970594699487743e-17   2.5277521830514394e-22   1.7684167253140845e-17
5101.289406   2.1467642117074174e-17   1.7554673578947278e-22   1.4616625282055055e-17
5452.96839   1.774442512028732e-17   1.1245501392897372e-22   1.2079982686163341e-17
5828.891519999999   1.466586733148683e-17   6.720062121504905e-23   9.982722126308188e-18
6230.731974   1.2120639740906415e-17   4.0625195765542134e-23   8.249281246453164e-18
6660.2713140000005   1.001650309629297e-17   2.6169125161529675e-23   6.816615400588117e-18
7119.40626   8.277013970933344e-18   1.7167087634876386e-23   5.632516471377622e-18
7610.2503   6.8392851783186394e-18   1.0836465679934297e-23   4.653823406274916e-18
8134.8966   5.650878833943531e-18   6.72475783346382e-24   3.844932508964985e-18
8695.71606   4.668697943058549e-18   4.272475135955829e-24   3.1764774499867007e-18
9295.14732   3.8569655430066715e-18   2.726058275251633e-24   2.62408086339687e-18
9935.967719999999   3.1861887736148872e-18   1.7164942366800777e-24   2.1676272340246647e-18
10620.954600000001   2.6319032015327713e-18   1.0861849131817606e-24   1.7904781320610014e-18
11353.156260000002   2.1739160821439292e-18   6.8847888090353635e-25   1.4788657833437194e-18
12135.82422   1.795512014310943e-18   4.349628117359886e-25   1.221413727783709e-18
12972.41322   1.4828874845775131e-18   2.7533795536506327e-25   1.0087243095144868e-18
13866.78444   1.2246311399435624e-18   1.7416603101032953e-25   8.330277330088273e-19
14822.710261170401   1.0114801043607032e-18   1.4427589748797286e-25   6.878984140176415e-19
15844.534141082093   8.353784560697471e-19   1.1950394241322944e-25   5.680204639777811e-19
16936.798852876804   6.898955739034235e-19   9.897587971514822e-26   4.690063764100416e-19
18104.36033199891   5.697153004456933e-19   8.196638018870137e-26   3.8722988131683837e-19
19352.40926446868   4.709227164438385e-19   6.794295984925831e-26   3.200199929408962e-19
20686.494163372787   3.888801015372836e-19   5.626169991667953e-26   2.642168850535145e-19
22112.54603616431   3.211176167151213e-19   4.658533126694822e-26   2.181359399569139e-19
23636.90475243697   2.6515240387733416e-19   3.85704255781131e-26   1.8008509390961206e-19
25266.347229398078   2.1893276709479324e-19   3.1932253116058423e-26   1.4866642976061144e-19
27008.117560345705   1.8076339926382446e-19   2.6434774241709826e-26   1.227251082505408e-19
28869.959220093868   1.4924355731392933e-19   2.1882332913322852e-26   1.0130715338324485e-19
30860.149490522814   1.2321594717274849e-19   1.8112763589873833e-26   8.362455908116832e-20
32987.53625930197   1.017244661263422e-19   1.4991671720776808e-26   6.902644926284739e-20
35261.57735538328   8.397927006601425e-20   1.2407688570275256e-26   5.697524269532685e-20
37692.382596140844   6.932789783449382e-20   1.0268534850452602e-26   4.7026955350716696e-20
40290.758733087845   5.723140395886618e-20   8.497755673099658e-27   3.8814923053666024e-20
43068.2574959881   4.72446323414575e-20   7.032012633879499e-27   3.203635134347964e-20
46037.22694895449   3.899991347979033e-20   5.81883820849402e-27   2.6441202160501145e-20
49210.866386850474   3.219359189148675e-20   4.81477373264929e-27   2.1823011901555648e-20
52603.28501605041   2.6574893091921357e-20   3.983825607164864e-27   1.8011305636891682e-20
56229.564680438656   2.1936724406401215e-20   3.296185475623647e-27   1.4865330376752538e-20
60105.82691151154   1.810807415376782e-20   2.7271693464492058e-27   1.2268878318073656e-20
64249.30460067011   1.4947731847110193e-20   2.2563382919531957e-27   1.0126010727697422e-20
68678.41861234081   1.2339100116133549e-20   1.8667697179828687e-27   8.357525965223657e-21
73412.8596785268   1.0185908799880552e-20   1.544453479084442e-27   6.898042305513399e-21
78473.67593887255   8.408674524101369e-21   1.2777914983120113e-27   5.69358867199033e-21
83883.36651542303   6.941776253145908e-21   1.057183189865402e-27   4.699614951389932e-21
89665.98153808732   5.731039775328153e-21   8.746820029052775e-28   3.879348902013049e-21
95847.2290654949   4.73174265708758e-21   7.237109111120143e-28   3.2024393479897078e-21
102454.58937658794   3.9069665582635016e-21   5.988267520295357e-28   2.64383583238424e-21
109517.43714106135   3.226236495440892e-21   4.9552504541803585e-28   2.1828635633183153e-21
117067.17201178991   2.664397133422422e-21   4.100783509172998e-28   1.8024596448666267e-21
125137.3582198236   2.2006848575995426e-21   3.394024122872034e-28   1.4885424989580381e-21
133763.8737925555   1.8179615476207124e-21   2.809453198643901e-28   1.2294912714499483e-21
142985.07005844908   1.5020818960872407e-21   2.3259573913828018e-28   1.015716053192801e-21
152841.9421474427   1.2413710108199782e-21   1.9260693015127814e-28   8.39303082709123e-22
163378.31124503355   1.0261930841431003e-21   1.5953384357637192e-28   6.937218530930246e-22
174641.01941029713   8.485952556232594e-22   1.321810446322948e-28   5.735833229685056e-22
186680.1378239544   7.020135586192679e-22   1.0955960197983004e-28   4.744403136947607e-22
199549.18939230507   5.810301279693738e-22   9.085139920267281e-29   3.926227321820103e-22
213305.38669666892   4.811727410319024e-22   7.537959293473704e-29   3.2510154858524027e-22
228009.88634619818   3.987493369205834e-22   6.258416366578318e-29   2.6937652840487226e-22
243728.06086485062   3.307114647228439e-22   5.200169029963702e-29   2.2338360706427985e-22
260529.78932126382   2.745416917568125e-22   4.324863314511068e-29   1.8541852985249096e-22
278489.76799359935   2.2816088406952114e-22   3.600753557216885e-29   1.5407397940814589e-22
297687.8424504941   1.898519696957789e-22   3.0015653942611817e-29   1.28187887898881e-22
318209.3625244678   1.581973282457838e-22   2.505560078504145e-29   1.0680099377111728e-22
340145.56175591017   1.3202735307261355e-22   2.0947642519726694e-29   8.912197714106502e-23
363593.9629945594   1.1037806375111788e-22   1.754333932746192e-29   7.449873363398412e-23
388658.81196167617   9.245597230404164e-23   1.4720261169359376e-29   6.239456798655832e-23
415451.5407004211   7.760876037142674e-23   1.2377565841428314e-29   5.236832885474948e-23
444091.26297481946   6.53006845985216e-23   1.0432278854042208e-29   4.40577503411436e-23
474705.3038197346   5.509193588601806e-23   8.81616155359699e-30   3.716547463290163e-23
507429.7655960953   4.662138847296825e-23   7.473085649198816e-30   3.144737262758934e-23
542410.133067917   3.959228441205773e-23   6.35684844709361e-30   2.670285379192705e-23
579801.9201911386   3.3760441602313406e-23   5.429368771796701e-30   2.2766885598163045e-23
619771.3614897354   2.892459055977075e-23   4.6592052469989834e-30   1.9503454683014163e-23
662496.1510927934   2.491846381122509e-23   4.020340651062875e-30   1.680021478875811e-23
708166.2327181189   2.1604291603139114e-23   3.49117997394724e-30   1.4564086920511045e-23
756984.6441144526   1.886739805917425e-23   3.0537155344426364e-30   1.2717604665019072e-23
809168.4197164677   1.6611643223365568e-23   2.6928201287945537e-30   1.1195832411034866e-23
864949.5555255278   1.4755528471333223e-23   2.3956403010030137e-30   9.94373294069687e-24
924576.040505826   1.322890094803008e-23   2.1510806261971124e-30   8.91394061902961e-24
988312.9590812321   1.1970393829942746e-23   1.9494024871877856e-30   8.065031978318363e-24
1.056443669634273e6   1.0926035118034096e-23   1.7820093195936805e-30   7.360584770604724e-24
1.129271064246559e6   1.004973048149552e-23   1.641535665316748e-30   6.769500087661047e-24
1.2071189152811454e6   9.306173419805631e-24   1.5223337724621911e-30   6.2679592094404395e-24
1.2903333147933963e6   8.675522087389833e-24   1.4212535797188607e-30   5.842569030479542e-24
1.379284213169615e6   8.156806951935879e-24   1.3382208695125853e-30   5.492650933582972e-24
1.4743670638338388e6   7.765256267780061e-24   1.2758205528939945e-30   5.228433140066263e-24
1.5760045813347541e6   7.520709043627363e-24   1.2374092856493193e-30   5.063244103089122e-24
1.6846486206287479e6   7.430517902621077e-24   1.2243035684741586e-30   5.0020016838897266e-24
1.800782185913915e6   7.476023450188901e-24   1.2335332661437828e-30   5.032113498570326e-24
1.9249215779457958e6   7.611467709762098e-24   1.2576320663715666e-30   5.1227546520916204e-24
2.0576186893812725e6   7.777489129182065e-24   1.286839712068024e-30   5.2339585574439126e-24
2.1994634583551465e6   7.921808860180912e-24   1.3125147212851389e-30   5.3305409943579776e-24
2.3510864911973863e6   8.014607333024704e-24   1.3296944362048084e-30   5.392443169341816e-24
2.51316186595099e6   8.050984220885322e-24   1.3375296421440048e-30   5.416378878207179e-24
2.686410129154199e6   8.04296066444411e-24   1.3379822264175756e-30   5.410446015967218e-24
2.8716014992100056e6   8.00869071865077e-24   1.3340467955362404e-30   5.3868642951644076e-24
3.0695592905843416e6   7.964530470428988e-24   1.3284343724521352e-30   5.356639292955092e-24
3.281163574056062e6   7.921339471507104e-24   1.3229524571876284e-30   5.327075853983415e-24
3.507355089291289e6   7.883871837353409e-24   1.3183970187527077e-30   5.301370500522186e-24
3.7491394271364426e6   7.851682947831765e-24   1.314697606207813e-30   5.2792230769036726e-24
4.007591500223377e6   7.82046787865319e-24   1.311136137935799e-30   5.257738257577316e-24
4.283860321761822e6   7.78330867959152e-24   1.3065522027736392e-30   5.232265234066673e-24
4.579174113764445e6   7.73166796817183e-24   1.2995073780988633e-30   5.197066384871615e-24
4.894845767414411e6   7.656141353080763e-24   1.28841026100269e-30   5.1458234625975314e-24
5.232278679850884e6   7.547046751227646e-24   1.2716149851072608e-30   5.072033875774244e-24
5.592972993321348e6   7.394941031810092e-24   1.2475082210716537e-30   4.9693579134117705e-24
5.978532264438455e6   7.191142791654902e-24   1.2145978494759742e-30   4.831969900144097e-24
6.390670593191255e6   6.928316858342095e-24   1.1716127014808992e-30   4.654950638050938e-24
6.8312202434045905e6   6.6011458675502395e-24   1.1176177309848182e-30   4.434738142159959e-24
7.302139788525337e6   6.207078316983946e-24   1.0521429279157777e-30   4.169629519624217e-24
7.805522818949582e6   5.7471014237205e-24   9.753172918416246e-31   3.860299258248105e-24
8.343607249601372e6   5.226442563235345e-24   8.879915320532537e-31   3.5102692945371286e-24
8.918785269142166e6   4.6550597975807256e-24   7.9182564836528e-31   3.126237216581007e-24
9.53361397504271e6   4.0477496446892135e-24   6.8931182230577055e-31   2.7181472930720556e-24
1.0190826741798177e7   3.423693964340967e-24   5.837017198889912e-31   2.298884881531256e-24
1.0893345372826848e7   2.8053064467925985e-24   4.788136367778456e-31   1.8835007686960322e-24
1.1644293090076575e7   2.2163393088381353e-24   3.7871183045857613e-31   1.487939267428003e-24
1.2447008419087632e7   1.6793764923696133e-24   2.8727869161150763e-31   1.1273551313228948e-24
1.3305060031241411e7   1.2130493602564238e-24   2.0773653370107155e-31   8.14245042502057e-25
1.4222262609179921e7   8.295076935195755e-25   1.4221004446096545e-31   5.567513680989649e-25
1.5202693805929746e7   5.327745256944183e-25   9.143767512093586e-32   3.5755989286859398e-25
1.6250712373126512e7   3.185169352534085e-25   5.47245988843214e-32   2.1374826302126922e-25
1.737097753893337e7   1.7543580828365253e-25   3.017401759848342e-32   1.1772081759034584e-25
1.8568469721802916e7   8.798268171458711e-26   1.514863403240865e-32   5.903334944733589e-26
1.9848512672170706e7   3.96406808667174e-26   6.832432455058706e-33   2.6595415252192384e-26
2.121679714051681e7   1.58013072635498e-26   2.7263514683100166e-33   1.0600451534161195e-26
2.2679406177017692e7   5.475815123135973e-27   9.457771998153835e-34   3.673212325659233e-27
2.4242842175264318e7   1.6170432504873366e-27   2.7958227337883708e-34   1.084638541425623e-27
2.591405578027608e7   3.9772932125999356e-28   6.883673571623106e-35   2.667579521316194e-28
2.7700476789328367e7   7.937957943416222e-29   1.3752538844168422e-35   5.323596792049188e-29
2.9610047182971098e7   1.2477613467914413e-29   2.1639331672017245e-36   8.367480490225313e-30
3.1651256433085844e7   1.492986171983876e-30   2.5918100248850225e-37   1.001119698992279e-30
3.383317924495237e7   1.3078914475448928e-31   2.272746585896892e-38   8.769385912794163e-32
3.6165515901116304e7   8.023401626980094e-33   1.3956183913497031e-39   5.37927185392318e-33
3.865863538641674e7   3.275976033169908e-34   5.703935971051378e-41   2.1962074980806217e-34
4.132362148589682e7   8.400301245393021e-36   1.4640352389860458e-42   5.631128284985822e-36
4.417232206053702e7   1.2659038384610238e-37   2.2083969139070394e-44   8.485342853023308e-38
4.721740171987881e7   1.0392693124043304e-39   1.8147687713542824e-46   6.9657054828828006e-40
5.0472398125707895e7   4.2623653449081334e-42   7.450024648118341e-49   2.856644583429594e-42
5.395178217710918e7   7.909992302097553e-45   1.3838659954903347e-51   5.3009088526443e-45
5.767102234446109e7   5.931718358617973e-48   1.0387393052553398e-54   3.9748774112741575e-48
6.1646653438382104e7   1.5795536942826962e-51   2.7686347089461077e-58   1.0583924967669777e-51
6.5896350119359076e7   1.2885546482007154e-55   2.2606665899160776e-62   8.633453246574332e-56
7.04390054748626e7   2.7202204128817033e-60   4.7768036858201025e-67   1.8224487859443018e-60
7.52948150132838e7   1.2254760627461303e-65   2.1539469298340023e-72   8.20967194025117e-66
8.048536644810838e7   9.452126087330227e-72   1.6628528273439372e-78   6.331701070574422e-72
8.603373567148593e7   9.704140160034809e-79   1.7087274999973704e-85   6.500070617415816e-79
9.196458934386913e7   9.946601549123048e-87   1.7529891948288033e-93   6.66202169256622e-87
9.830429455581044e7   7.327472681997947e-96   1.2925425590597878e-102   4.907451595719303e-96
1.0508103604944527e8   2.665083287933832e-106   4.7052742103855405e-113   1.7847742179845202e-106
1.1232494152079909e8   3.1160176491199276e-118   5.50623798690656e-125   2.0866195495830183e-118
1.2006821555998105e8   7.172982616650101e-132   1.2686248099888931e-138   4.8030177252385415e-132
1.2834528282472874e8   1.8566102859546337e-147   3.2864723913954335e-154   1.2431009317016389e-147
1.3719294108381778e8   2.8488797686846107e-165   5.047271397059948e-172   1.907353403844766e-165
1.4665052481072885e8   1.2471627929528641e-185   2.2114467951566562e-192   8.349332929658195e-186
1.5676008005486897e8   6.753489830278953e-209   1.198532869003526e-215   4.520938970097036e-209
1.6756655136778027e8   1.7409475884527058e-235   3.0922407982326268e-242   1.1653544162247143e-235
1.7911798161536357e8   7.175376912942595e-266   1.2755451148436134e-272   4.802740884314879e-266
1.9146572556443205e8   1.3591633985832462e-300   2.418153584085784e-307   9.096794567371438e-301
2.0466467819314703e8   2.847154375309826e-340   5.069696530733004e-347   1.905461509657498e-340
2.187735187403471e8   1.29530353604309e-385   2.308335298936731e-392   8.668288001450919e-386
2.3385497157875288e8   1.992699423007512e-437   3.554047350299348e-444   1.333448842676919e-437
2.4997608507182413e8   1.237971059436255e-496   2.209752739700218e-503   8.283578711814102e-497
2.6720852965399718e8   2.739278858891621e-564   4.893492566091854e-571   1.832807560867866e-564
2.856289164594927e8   1.346709022168056e-641   2.407707363910041e-648   9.01005961320391e-642
3.053191379162377e8   6.1776391221898e-730   1.105344050340267e-736   4.132852088519111e-730
3.263667318190972e8   7.065061011459223e-831   1.265125650184563e-837   4.726251591540635e-831
3.4886527050099385e8   3.21080910576776e-946   5.75403954028177e-953   2.147776843230874e-946
3.729147768320729e8   5.121590370510445e-1078   9.18547541450712e-1085   3.425732246608122e-1078
3.986221688963406e8   1.290132370682677e-1228   2.315620394849754e-1235   8.62892925302101e-1229
4.2610173532269746e8   1.068391215073053e-1400   1.919099840620019e-1407   7.145410081208488e-1401
4.5547564338356817e8   2.509928271295473e-1597   4.511912111003954e-1604   1.678543213269409e-1597
4.868744821200087e8   5.277014011922157e-1822   9.4933073285549e-1829   3.528856352298595e-1822
5.2043784290788805e8   9.92056775891396e-2079   1.786050463786987e-2085   6.633716791125916e-2079
5.563149400461965e8   4.478971297277763e-2372   8.069773273182102e-2379   2.994839084138618e-2372
5.946652741264607e8   2.907081475450758e-2707   5.241602514183495e-2714   1.943691688192013e-2707
6.356593411324408e8   2.921509503005014e-3090   5.271521715690615e-3097   1.95322639026866e-3090
6.794793904225883e8   6.897793005020819e-3528   1.245542866210143e-3534   4.611377628038778e-3528
7.263202349650639e8   6.184425093633045e-4028   1.117546765902814e-4034   4.134235938667603e-4028
7.763901174274209e8   2.634212193220552e-4599   4.763575186178972e-4606   1.760849406332339e-4599
8.299116359713677e8   3.583353191954643e-5252   6.48463960165913e-5259   2.395172251989085e-5252
8.871227338684646e8   3.7058873844477e-5998   6.711204699737621e-6005   2.476938184047686e-5998
9.482777573363366e8   1.525312017906441e-6850   2.764248598903785e-6857   1.019430436212997e-6850
1.0136485862982774e9   1.668678715507003e-7824   3.026212260276785e-7831   1.115187056965183e-7824
1.0835258430933194e9   2.219417468507018e-8937   4.027838480461823e-8944   1.483167566029e-8937
1.1582201845103917e9   5.523173606373802e-10209   1.003058534715656e-10215   3.69076399024687e-10209
1.2380636828906262e9   5.910952403706094e-11662   1.074231166853557e-11668   3.94967659704523e-11662
1.3234113024378471e9   3.691955240917717e-13322   6.714251414777944e-13329   2.466818109130215e-13322
1.414642477300551e9   3.734746974649167e-15219   6.796752278919604e-15226   2.495276304124202e-15219
1.5121627984411328e9   1.033761690072909e-17386   1.882599728802357e-17393   6.90644853210303e-17387
1.6164058167917619e9   2.017049653321777e-19863   3.675781430837431e-19870   1.347497450201556e-19863
1.7278349707132776e9   2.240653151623627e-22693   4.086029552109072e-22700   1.496797817950801e-22693
1.8469456463261151e9   5.886930202532131e-25927   1.074256025070456e-25933   3.932372640394253e-25927
1.9742673798729694e9   9.91044114816413e-29622   1.809681798727123e-29628   6.619667312491625e-29622
2.1103662119043524e9   1.783632023448005e-33843   3.259140671939546e-33850   1.191313216649318e-33843
2.2558472037531657e9   2.378505890767367e-38667   4.348995897316608e-38674   1.588556171936117e-38667
2.411357127485898e9   3.106610391797581e-44179   5.684035767603994e-44186   2.074736294329712e-44179
2.577587341289308e9   2.964750868365025e-50477   5.428024498469193e-50484   1.979895229110475e-50477
2.7552768630758276e9   1.558639409204879e-57673   2.855493540731542e-57680   1.040824887837081e-57673
2.945215655972179e9   3.470603553777861e-65896   6.362398075220436e-65903   2.317475511238624e-65896
3.1482481402976546e9   1.344419744350369e-75291   2.466206257843653e-75298   8.97683573644148e-75292
3.3652769476454487e9   4.924290382445985e-86027   9.03889301202693e-86034   3.287838063777997e-86027
3.597266933756729e9   1.290933842034405e-98293   2.371106510287267e-98300   8.618848254529147e-98294
3.8452494680276985e9   1.01081621047444e-112309   1.857775295733475e-112316   6.748325883431963e-112310
4.1103270187197127e9   7.042534247956943e-128325   1.295156642644428e-128331   4.70144686221602e-128325
4.393678054257151e9   3.353732834371997e-146624   6.171526328303139e-146631   2.238771947921588e-146624
4.696562282402983e9   1.815814960317261e-167533   3.343528036403702e-167540   1.212081788975018e-167533
5.020326250604098e9   6.384686936353413e-191425   1.176361271534995e-191431   4.261661962720595e-191425
5.36640933240413e9   6.750504585606429e-218724   1.244524835454271e-218730   4.505622417517319e-218724
5.736350126537856e9   2.157546246133053e-249916   3.980083339146925e-249923   1.43998493108863e-249916
6.131793297155968e9   1.013684432599512e-285557   1.871104592442209e-285564   6.765189983498701e-285558
6.554496885590117e9   2.140626422339484e-326282   3.953647366224677e-326289   1.428557076649208e-326282
7.006340126164528e9   1.975252366072871e-372815   3.650395668413004e-372822   1.318132015844736e-372815
7.489331800801305e9   3.04821864910835e-425985   5.636666198850694e-425992   2.034052431858655e-425985
8.005619169561932e9   2.117123524433574e-486738   3.917236686858882e-486745   1.412674291071709e-486738
8.557497516827911e9   1.762509036367478e-556156   3.26302917590083e-556163   1.175999446636579e-556156
9.147420355560463e9   2.576721605611385e-635475   4.773222507091927e-635482   1.719187678704873e-635475
9.77801033500488e9   5.316373442202728e-726107   9.85400628982762e-726114   3.546920058373877e-726107
