7.53397506e-6   2.749084820938928e-6   2.749084820938928e-6   2.7844475212725564e-6
8.05340538e-6   2.932103578190853e-6   2.932103578190853e-6   2.9698205301717347e-6
8.60860242e-6   3.1272907504439997e-6   3.1272907504439997e-6   3.167518481804544e-6
9.20207256e-6   3.335470684447952e-6   3.335470684447952e-6   3.3783763268593247e-6
9.83645766e-6   3.5575094640833165e-6   3.5575094640833165e-6   3.603271290038712e-6
0.00001051453506   3.7943145466830964e-6   3.7943145466830964e-6   3.843122501702853e-6
0.0000112394208   4.046905146099143e-6   4.046905146099143e-6   4.098962286304533e-6
0.00001201423092   4.3162934767636935e-6   4.3162934767636935e-6   4.371815878840273e-6
0.000012842487900000002   4.603625794793971e-6   4.603625794793971e-6   4.662844280229375e-6
0.000013727849700000001   4.910087354761772e-6   4.910087354761772e-6   4.973247991500174e-6
0.000014674245240000002   5.236948853719157e-6   5.236948853719157e-6   5.304314055245882e-6
0.0000156858744   5.5855656310918166e-6   5.5855656310918166e-6   5.6574152452258245e-6
0.00001676720802   5.957376886924896e-6   5.957376886924896e-6   6.034009274555213e-6
0.00001792312338   6.353951349057347e-6   6.353951349057347e-6   6.435685050316674e-6
0.00001915876872   6.776939688696357e-6   6.776939688696357e-6   6.8641144770350426e-6
0.00002047956324   7.228073800693874e-6   7.228073800693874e-6   7.321051727695773e-6
0.000021891400320000003   7.709235287927974e-6   7.709235287927974e-6   7.808402609071352e-6
0.00002340057978   8.2224310091107e-6   8.222389857398572e-6   8.328199794989708e-6
0.000025013740139999998   8.769768961523803e-6   8.769725070488739e-6   8.882578398838874e-6
0.000026738197319999997   9.35357194384259e-6   9.353525130984007e-6   9.473891098486269e-6
0.0000285815382   9.97623829627266e-6   9.976188367086747e-6   0.000010104516835763045
0.00003055189158   0.000010640332565322997   0.000010640279312470866   0.000010777150299687018
0.0000326581314   0.000011348652227677171   0.000011348595429819093   0.000011494577825053352
0.00003490953804   0.000012104051321939003   0.000012104051321939003   0.000012259751506595534
0.00003731613702   0.000012909791044235106   0.000012909726433010819   0.000013075855843202154
0.000039888699   0.000013769185923965991   0.0000137691170116221   0.000013946305529122137
0.000042638604299999994   0.000014685787317338634   0.000014685713817566644   0.000014874697603351025
0.00004557804612   0.00001566339253714293   0.000015663235752312158   0.000015864799330220936
0.00004872016602   0.00001670608747472592   0.000016705920252900165   0.00001692090169809333
0.000052078918439999995   0.00001781819905990607   0.000017817931529756817   0.000018047313303360752
0.00005566913844   0.000019004220328573098   0.000019004030102801938   0.000019248681291595834
0.00005950694814000001   0.00002026931601337797   0.000020269011680336798   0.000020529948451396593
0.00006360928254   0.00002161861086187646   0.000021618286269888   0.000021896593170297127
0.0000679947024   0.000023057816407058995   0.00002305735480644027   0.000023354188559925785
0.000072681633   0.000024592437751343798   0.000024591945427496275   0.000024908659724225457
0.0000776923608   0.000026229563687417922   0.000026228907315747565   0.00002656670453531185
0.0000830485626   0.000027975543525326796   0.000027974843460300854   0.000028335268082278275
0.0000887739474   0.00002983786851535281   0.000029836972514656733   0.00003022138955536184
0.00009489425639999999   0.00003182407844673987   0.000031822963526702836   0.00003223313026279874
0.00010143590820000001   0.000033942477325790663   0.00003394094844084834   0.00003437858708390232
0.0001084287084   0.000036201770024271466   0.000036199958187347903   0.000036666909461547674
0.0001159038174   0.000038611523419098645   0.00003860939773136521   0.00003910743140027218
0.0001238937504   0.000041181516257994874   0.00004117883687048064   0.000041710433328589766
0.000132435087   0.000043922764189784495   0.00004391968661874217   0.000044486668807988856
0.0001415650842   0.00004684618930073419   0.00004684243796679771   0.00004744762947909548
0.000151324386   0.000049964406959517434   0.000049959655738113223   0.000050605630673519804
0.00016175634600000001   0.00005328987260317729   0.000053284271726706545   0.00005397350905914153
0.0001729077048   0.00005683674749639974   0.00005682992044740117   0.00005756560289803632
0.00018482791259999997   0.00006061972205714855   0.00006061122703466162   0.00006139678761677527
0.00019756980659999999   0.00006465413419981292   0.00006464410301608392   0.00006548259622279333
0.0002111902884   0.00006895710186586714   0.0000689446774426828   0.00006984036036083223
0.0002257496466   0.00007354640957299592   0.00007353094971501706   0.00007448771781811447
0.00024131291159999998   0.0000784408174287137   0.00007842236573095326   0.00007944398823470787
0.0002579485008   0.00008366033010583939   0.00008363771954541191   0.00008472942328305975
0.0002757309282   0.00008922715840017197   0.00008919991718226427   0.00009036650533459034
0.00029474012699999997   0.00009516468531312813   0.0000951308684136493   0.0000963779466753041
0.00031505874   0.00010149595961617189   0.00010145481286336407   0.00010278893906113219
0.0003367788936   0.00010824816700477147   0.00010819832300460909   0.00010962501087792307
0.0003599961012   0.00011544947400602758   0.00011538822438313413   0.00011691561689896469
0.000384814005   0.00012312866018064525   0.00012305470829479827   0.00012468926236721607
0.00041134234379999995   0.0001313171638523513   0.00013122711986544503   0.00013297829432361207
0.00043970034   0.0001400497915099511   0.000139940440318388   0.00014181721231627687
0.0004700126352   0.00014936217665620697   0.00014922761176578952   0.00015124116594454444
0.0005024147094   0.00015929140974717073   0.00015912796546796259   0.00016128897530929764
0.0005370508488000001   0.00016987910631054495   0.0001696792878191653   0.00017200184400109538
0.0005740748232   0.00018116692389307396   0.00018092480670865905   0.0001834217126695431
0.0006136512408   0.00019320284736917744   0.00019290789267535483   0.00019559590418404807
0.0006559555482   0.00020603513899207003   0.00020567418051373418   0.0002085727855113543
0.0007011767399999999   0.00021971437719359518   0.00021927555509120117   0.000222403015913791
0.0007495160040000001   0.00023429611296370327   0.00023376130564592407   0.00023714339098992665
0.000801188076   0.0002498394169106224   0.00024918782232645747   0.00025285073197176303
0.000856416498   0.00026640406618103616   0.0002656105613265629   0.00026958455054189274
0.0009154586820000001   0.00028405900741335533   0.00028309343409079   0.0002874120882282536
0.00097857204   0.000302872034177651   0.000301695391576399   0.0003064019628427768
0.001046034306   0.0003229157826107008   0.0003214817617689733   0.0003266230341996459
0.001118143536   0.0003442675766264336   0.0003425197526826729   0.0003481513560437327
0.001195231656   0.00036701144415933945   0.0003648834199412476   0.00037106951575777576
0.001277623818   0.00039122720680118996   0.0003886353808903462   0.0003954535963704078
0.0013657061399999998   0.00041701241085460926   0.00041385695116905925   0.00042139465939504433
0.001459857966   0.0004444559278547799   0.00044061616342641635   0.0004489780070369112
0.0015604992839999999   0.00047365741774972153   0.0004689837300785649   0.0004782969180011427
0.001668077178   0.0005047185570635417   0.0004990299093061813   0.0005094455145516302
0.0017830726020000001   0.0005377464748338317   0.0005308253944373828   0.0005425166383850727
0.001905993606   0.0005728483241131939   0.0005644267313485927   0.0005776060050933576
0.002037395658   0.0006101417627392215   0.0005998984589550779   0.0006148149866918167
0.002177847774   0.0006497289540065986   0.0006372753214771088   0.0006542330932928808
0.00232798671   0.0006917350997577002   0.0006765973580451859   0.0006959540091188216
0.002488476318   0.0007362701037772346   0.0007178758931571062   0.0007400610518114581
0.002660034642   0.000783442432566392   0.0007611017620912673   0.0007866320066986822
0.0028434135959999997   0.0008333629877036013   0.000806242158925305   0.0008357340787678414
0.003039432834   0.0008861330427138199   0.000853224139530604   0.0008874220923603348
0.0032489662020000003   0.0009418388829635114   0.0009019385465393568   0.0009417193770966962
0.003472948512   0.0010005633001934611   0.0009522104653594479   0.0009986458477119825
0.0037123755420000004   0.0010623569304962922   0.0010038215236510802   0.0010581698479154246
0.003968297262   0.001127260755338517   0.0010564585568006986   0.0011202265096435142
0.004241872026000001   0.0011952773772864345   0.0011097272960451643   0.0011847270434059995
0.004534298832   0.0012663708611057541   0.0011631329113355677   0.0012514953688535972
0.004846891836   0.0013404674575508118   0.001216054699349956   0.0013203182948066429
0.005181032934   0.001417432110434079   0.0012677277852798441   0.0013908905522712726
0.005538212406   0.0014970599448251817   0.0013172586738582192   0.0014628321940198688
0.005920008594   0.0015790722572803383   0.0013635646631812537   0.0015356639797133886
0.006328128546000001   0.0016631067447382825   0.0014053972188153353   0.0016088125621711432
0.006764380919999999   0.0017486862240346744   0.0014413373515149545   0.0016815826666151498
0.00723070308   0.0018352366227480615   0.0014697764773939166   0.0017531690415469286
0.007729201739999999   0.0019220441013346786   0.001488983196837773   0.0018226469874530306
0.008262044579999999   0.0020082610240523824   0.0014970996018449864   0.0018889692111617774
0.0088316025   0.002092909640957554   0.001492218374750193   0.0019510100148483578
0.009440449620000001   0.002174880024566174   0.0014724893299012764   0.0020075335899804327
0.01009129554   0.0022529312947014457   0.00143627584066722   0.0020572770953423488
0.01078698534   0.0023256796909627885   0.001382230579818631   0.0020989138124240217
0.011530635059999999   0.0023917264397441155   0.0013095998039940953   0.0021311622069926394
0.012325496220000001   0.0024494791646580416   0.0012182806507021712   0.0021527515439286092
0.01317522678   0.002497595948509064   0.0011095083825165596   0.002162711580891294
0.0140834847   0.0025345712700636826   0.000985420608827321   0.0021600171062010408
0.01505440212   0.0025591246009708923   0.0008496159922081243   0.0021440106638958684
0.01609224666   0.002570112348221048   0.0007070545979460605   0.002114284335345453
0.01720162464   0.0025667162318634066   0.0005638564749413752   0.0020707812613893475
0.01838748108   0.0025483752732115322   0.0004269125874934892   0.0020139583143794857
0.0196550997   0.0025149354075503874   0.0003031516713725828   0.0019447873643266016
0.02101010292   0.0024666013896702506   0.00019859682221595257   0.0018649348657405944
0.0224585196   0.0024040301448737564   0.00011732476122053088   0.0017767176426005346
0.024006785040000003   0.0023282921221546332   0.000060548458648291435   0.0016832225830757243
0.025661808720000002   0.0022408804901608366   0.000026127424535777588   0.0015879066182966856
0.02743090656   0.0021436738957613345   9.0078120091621e-6   0.0014944235144254507
0.02932200414   0.002038948070252692   2.6178652328514507e-6   0.0014059893023895334
0.031343433479999995   0.0019291787907796756   1.1900062259156827e-6   0.0013250202254932607
0.033504203999999996   0.001816826637960339   2.1862197116199133e-6   0.001252686028255507
0.03581393478   0.0017043598137425524   7.477463779479997e-6   0.0011890085718578253
0.0382829223   0.001593862463946367   0.000021867877096468706   0.0011327448845640964
0.040922140440000004   0.0014869585643946732   0.0000486378644289471   0.0010814040650102509
0.04374330822   0.0013849171955281625   0.00008415816875999875   0.0010313848770467377
0.0467588898   0.0012877906167389948   0.0001155478583194225   0.0009775031766330853
0.049982433179999994   0.0011948045325769732   0.00012601078793895255   0.0009150150120631023
0.053428163759999994   0.0011052727158535566   0.00010697005987500232   0.0008422142698792167
0.057111458520000005   0.0010187140185400718   0.00006740812897296724   0.000761510725978015
0.0610486428   0.0009348776405927659   0.000028933473290643136   0.0006786904848612274
0.065257329   0.0008538244338650554   7.586238734792157e-6   0.0006015144041868077
0.06975594239999999   0.0007763533196006614   1.692669630191249e-6   0.000537370462683133
0.074564805   0.0007039295639586464   2.505482719109999e-6   0.0004896269517927576
0.0797055936   0.0006375892633908984   0.000011100673481748738   0.0004554187862590388
0.08519998499999999   0.0005770930675235994   0.00002906468577026349   0.0004263141037391515
0.0910737204   0.0005215047691263984   0.00003965608591701239   0.00039238669662319516
0.097352541   0.00046979783702553107   0.000028215054832129644   0.0003496259463386843
0.1040635428   0.0004212336478040484   0.000010038775917240965   0.0003033526644901401
0.1112378862   0.0003762768589863963   2.7730934427385758e-6   0.00026425086486773336
0.1189067316   0.0003357817366358791   4.021778816807449e-6   0.00023786166565402254
0.127103949   0.0002996589897832301   0.000011513068120522735   0.00021909501197741354
0.135866118   0.00026700764453431463   0.00001473668568791318   0.0001979801043816133
0.1452325278   0.00023682005927373541   7.4582380995470455e-6   0.0001719837217222393
0.1552451772   0.0002093474247065821   3.0221312156516204e-6   0.00014888211678906995
0.1659474198   0.00018506973653993784   4.478108080958773e-6   0.00013333342536285677
0.17738802839999998   0.00016356358540808098   6.8173306480027174e-6   0.00011994027231801886
0.1896164532   0.00014399224603380245   4.223746321466074e-6   0.0001043341214941794
0.2026889184   0.00012642087981873585   2.6755811030966833e-6   0.0000907449730465078
0.2166616482   0.00011103951614413048   3.6027575482118817e-6   0.000080715969770428
0.23159831820000001   0.00009731083327584588   2.97271594926197e-6   0.00007059835842056291
0.2475646362   0.00008504860867521855   2.1382616249798634e-6   0.0000613392786849052
0.2646317292   0.00007431402200144905   2.3092833074237526e-6   0.00005394467310251608
0.2828747886   0.00006479134405372588   1.791803829449369e-6   0.00004686156394178256
0.3023757798   0.00005640940210589099   1.622313336768529e-6   0.00004084747225369384
0.32322141   0.00004905376053675499   1.409400155753152e-6   0.00003552029514216533
0.34550380560000005   0.00004258978077608093   1.215527327062441e-6   0.00003083311632835226
0.36932254439999995   0.000036933243668899545   1.0576415766956013e-6   0.00002674101318835821
0.3947839782   0.00003198505076580979   9.183547846987593e-7   0.000023160130039707567
0.421999878   0.000027664815952204252   7.901806328243344e-7   0.000020028679269647944
0.4510921758   0.00002389994949881292   6.860646275749265e-7   0.0000173055807894631
0.48218957760000003   0.00002062295627188662   5.909747012243796e-7   0.000014931931855906027
0.5154316278000001   0.00001777556899953365   5.094672610327531e-7   0.000012870372970912922
0.5509646448   0.00001530459394439445   4.387782853040253e-7   0.000011081380179359327
0.5889478176   0.000013162944069450308   3.774610146884204e-7   9.530786460652094e-6
0.6295498188   0.000011309360431891057   3.243455221939438e-7   8.188697123862097e-6
0.6729501594   9.707280366206483e-6   2.7843786924491354e-7   7.028734615733498e-6
0.719344608   8.324150322109707e-6   2.3877713882845536e-7   6.027253722642292e-6
0.768930288   7.131234632537306e-6   2.0457367172521506e-7   5.163467026074899e-6
0.821943612   6.103866840321453e-6   1.75122748203594e-7   4.419676580073274e-6
0.8786081219999999   5.2200019440534286e-6   1.4977539067475848e-7   3.7796650305788373e-6
0.9391744559999999   4.4601996373622865e-6   1.2799202900813673e-7   3.22952796952461e-6
1.0039203479999999   3.807909015544824e-6   1.0927845264905312e-7   2.757236408297393e-6
1.073130306   3.248381558567959e-6   9.322515981613187e-8   2.3520833706611947e-6
1.1471159340000001   2.7689980925926837e-6   7.94777095242443e-8   2.0049625912145736e-6
1.22619561   2.358492331128576e-6   6.769864226928729e-8   1.7077541979606166e-6
1.310728356   2.0074288885212287e-6   5.762467344780067e-8   1.453541798174915e-6
1.401086742   1.7073847220228832e-6   4.901461160683532e-8   1.2362906615736916e-6
1.4976772080000003   1.4512006287192008e-6   4.1664299400352936e-8   1.0507931030235096e-6
1.600926516   1.2326136707635044e-6   3.5390295460319485e-8   8.925213897373663e-7
1.7112952979999998   1.0462798081834064e-6   3.004106259888968e-8   7.576000091006668e-7
1.8292712819999999   8.875526428760296e-7   2.5485880320740135e-8   6.426680426910454e-7
1.955376066   7.524383152464622e-7   2.1607060435317802e-8   5.44833180679558e-7
2.090178666   6.375119246218442e-7   1.830740700606752e-8   4.6161643040064377e-7
2.234275194   5.398281944938146e-7   1.550328985497076e-8   3.9088632608671017e-7
2.388302406   4.5684879434859756e-7   1.3120687541613599e-8   3.3080232675205757e-7
2.55295125   3.864146160675216e-7   1.1098230632692724e-8   2.798010141520497e-7
2.728946544   3.266641948961078e-7   9.382651786690107e-9   2.3653765970544814e-7
2.9170808459999997   2.760096329668006e-7   7.927930831897257e-9   1.9985681094498433e-7
3.118180584   2.3309125647621172e-7   6.695486764611863e-9   1.687812547169276e-7
3.3331467   1.9674807396886433e-7   5.651727041883884e-9   1.4246607761364598e-7
3.5629275540000003   1.6599284547607713e-7   4.768444515883017e-9   1.2019587821360263e-7
3.8085527939999997   1.3997906100695117e-7   4.021270521899679e-9   1.0135799283868434e-7
4.071113034   1.1798894346885091e-7   3.3896244950257336e-9   8.5435466599465e-8
4.351766628   9.940683431937206e-8   2.8559426658614045e-9   7.198143868371737e-8
4.651780314   8.371726145976317e-8   2.405203508352369e-9   6.061962761018831e-8
4.972468248   7.04727872678929e-8   2.0247731047492525e-9   5.102944886653958e-8
5.315266518   5.929960347517761e-8   1.7037940643156582e-9   4.293903427533878e-8
5.6816925   4.9877544169307035e-8   1.4331204517617945e-9   3.611658606152686e-8
6.073385502000001   4.193622768274447e-8   1.204965282128327e-9   3.0366203388522324e-8
6.492079668   3.524575623204994e-8   1.012746793712712e-9   2.55216458635818e-8
6.9396243   2.9611495022714008e-8   8.508728108940853e-10   2.144187591025098e-8
7.418071919999999   2.4869044111136027e-8   7.14610728814574e-10   1.8007768783637375e-8
7.92944118   2.087839427406064e-8   5.999487379330013e-10   1.5118178878492585e-8
8.47610298   1.7522108590634004e-8   5.035146376408103e-10   1.2687864131024657e-8
9.06042822   1.4700420300071269e-8   4.2243372233438815e-10   1.0644637002711757e-8
9.68505876   1.2328968567500665e-8   3.5428975503906967e-10   8.927475049668054e-9
10.3527042   1.0336638267647903e-8   2.9703989663185616e-10   7.484809606743293e-9
11.06641284   8.663584290586645e-9   2.4896211632080757e-10   6.27335139878051e-9
11.829368460000001   7.259043273174347e-9   2.0860171482709366e-10   5.256336586392178e-9
12.64482258   6.080341569081238e-9   1.7472883553962555e-10   4.402820966946186e-9
13.516568640000001   5.091538754415171e-9   1.4631304159388642e-10   3.686841622850413e-9
14.44840008   4.262313941726407e-9   1.2248248774591595e-10   3.0863745621980323e-9
15.44444904   3.567130064293677e-9   1.0250268342980223e-10   2.5829582525384794e-9
16.50918636   2.984493427437055e-9   8.575801622438634e-11   2.161076484006232e-9
17.647286100000002   2.4963004441114794e-9   7.172895756567986e-11   1.8075930082781368e-9
18.8638965   2.0874534869418056e-9   5.997816241972572e-11   1.5115330413120933e-9
20.16436902   1.745095489130444e-9   5.0138930901040504e-11   1.2636292129504363e-9
21.55446156   1.4585158668871174e-9   4.1903122572435297e-11   1.0561146874491563e-9
23.0404062   1.2186937827893628e-9   3.50108066404702e-11   8.82456567766976e-10
24.628773719999998   1.0180529779770815e-9   2.9244332491126456e-11   7.371710714463191e-10
26.32667682   8.502419520170313e-10   2.4421587548986796e-11   6.156563757210664e-10
28.14163464   7.099259517872726e-10   2.0389027789768594e-11   5.140535200331155e-10
30.0816405   5.926274433711927e-10   1.7018115311759517e-11   4.2911593769383547e-10
32.1555006   4.946015449587401e-10   1.4201002050526147e-11   3.581332018847635e-10
34.37222436   4.12695841653596e-10   1.1847296722390637e-11   2.988254846303784e-10
36.7418373   3.442789962743496e-10   9.88129498620039e-12   2.49285227261939e-10
39.274771380000004   2.871428429923859e-10   8.239533591323364e-12   2.0791288546392152e-10
41.982339180000004   2.394394650319794e-10   6.8688771714993305e-12   1.7337089537560483e-10
44.87659842   1.9962205187092397e-10   5.724832212637183e-12   1.4453699046872001e-10
47.970351959999995   1.6638929895538872e-10   4.770138809833426e-12   1.2047472491361208e-10
51.27735102   1.3866290758364235e-10   3.9736723717256295e-12   1.0039900597899753e-10
54.812362920000005   1.1553427396344261e-10   3.30936280672427e-12   8.365131450209862e-11
58.591103340000004   9.6246069097523e-11   2.7553911141255604e-12   6.968432952186686e-11
62.63030406   8.01624511899956e-11   2.293531946727872e-12   5.8038388320922995e-11
66.94798392   6.675427112236775e-11   1.908582811631913e-12   4.83297164248372e-11
71.5632456   5.557873182809202e-11   1.5878019378789978e-12   4.023773701578362e-11
76.4967498   4.626608886755669e-11   1.3205488200534163e-12   3.349453258256279e-11
81.77030880000001   3.8507073655176716e-11   1.0979462184030345e-12   2.7876513091866374e-11
87.40763159999999   3.2043835569568805e-11   9.12561613379729e-13   2.3196733430263136e-11
93.43310460000001   2.6660902168576403e-11   7.582237223718771e-13   1.9299124030609326e-11
99.8745012   2.2178656649250096e-11   6.29763100208324e-13   1.605382804439048e-11
106.7595948   1.8446965328997057e-11   5.228630916071777e-13   1.335187916131593e-11
114.11954580000001   1.534072423386163e-11   4.339288995043987e-13   1.1102889003709855e-11
121.98686939999999   1.2755465124728976e-11   3.599596140308859e-13   9.231176807405981e-12
130.39679040000001   1.0604363462843618e-11   2.9845306178712314e-13   7.673806405632956e-12
139.3865658   8.814678170602137e-12   2.4732414436910704e-13   6.378070721824072e-12
148.99548479999999   7.325897692736266e-12   2.0483336000081685e-13   5.300251658825756e-12
159.26690100000002   6.087693676639531e-12   1.6953256267383354e-13   4.403907428470707e-12
170.2468776   5.058054583545229e-12   1.402150213557255e-13   3.658543939237884e-12
181.98351   4.201922744633876e-12   1.1587507303026394e-13   3.0388240442259874e-12
194.52895800000002   3.490258265300818e-12   9.56751821252039e-14   2.523690049584945e-12
207.94012320000002   2.898737101045251e-12   7.891862398315267e-14   2.095530640245053e-12
222.275262   2.407102490708349e-12   6.50238636264348e-14   1.7397270768650086e-12
237.59872739999997   1.998596327855917e-12   5.3508443495786104e-14   1.4440952763524051e-12
253.97825939999998   1.6592034095152377e-12   4.3970377221847316e-14   1.1984997627038126e-12
271.4876946   1.3772694550309031e-12   3.607547617841811e-14   9.945041289535724e-13
290.20357920000004   1.1430909130487177e-12   2.954417651732797e-14   8.250867644960609e-13
310.2099108   9.486144659990856e-13   2.4146336797699798e-14   6.844065689159468e-13
331.5954288   7.871249628208093e-13   1.9689056476262322e-14   5.676107731171579e-13
354.4556466   6.530511418879895e-13   1.6012543477786616e-14   4.706558005944506e-13
378.89149679999997   5.417452454809471e-13   1.2983641753541038e-14   3.9018557049591427e-13
405.0113634   4.493578500747218e-13   1.0492028199063323e-14   3.2340827969530283e-13
432.933114   3.726848048002113e-13   8.445773092848347e-15   2.680026165804762e-13
462.7786806   3.090553688181346e-13   6.7686913645692974e-15   2.2203974492052676e-13
494.6821884   2.562608996611913e-13   5.3973570151006645e-15   1.8391782908068994e-13
528.785214   2.1246093536671392e-13   4.279211448935295e-15   1.5230464103651576e-13
565.2394949999999   1.7612894259855992e-13   3.370480609158977e-15   1.2609254060314598e-13
604.2062526   1.4599195798486226e-13   2.6348378819254872e-15   1.0436564350795463e-13
645.8595786   1.209992449656402e-13   2.0421583110003904e-15   8.635804491718041e-14
690.385758   1.0027334948113464e-13   1.5672866895428844e-15   7.143828618584157e-14
737.9798820000001   8.308954962721069e-14   1.1893341065922325e-15   5.907887021326354e-14
788.852622   6.884250670812423e-14   8.909592024249414e-16   4.8843200379794995e-14
843.2410679999999   5.70330031827322e-14   6.576317371280573e-16   4.036964742130335e-14
901.3687620000001   4.7243766715391253e-14   4.772349817619392e-16   3.3355918056742896e-14
963.5066639999999   3.913087867482922e-14   3.3965590765434407e-16   2.7553301266802387e-14
1029.932508   3.240794719334384e-14   2.364183243485464e-16   2.275416424838985e-14
1100.937576   2.683728876245716e-14   1.6042746731213493e-16   1.8786677141582408e-14
1176.833472   2.2221984900995487e-14   1.0575661886998575e-16   1.5507828659674732e-14
1257.96567   1.8398528051124513e-14   6.747271735353873e-17   1.2799551644643377e-14
1344.686418   1.5231405175329222e-14   4.150056245252632e-17   1.0563436856284856e-14
1437.388608   1.2608280223596158e-14   2.452237217727842e-17   8.717922909802731e-15
1536.47868   1.0436005294141995e-14   1.3888693945223042e-17   7.19540363032961e-15
1642.403718   8.637163825569613e-15   7.544080079494065e-18   5.9397812582657085e-15
1755.6311279999998   7.147731333325129e-15   3.955480435208402e-18   4.904467520505648e-15
1876.662186   5.914711049570643e-15   2.035867885743944e-18   4.050835523755071e-15
2006.038812   4.893919349267804e-15   1.0622022162076862e-18   3.346947329001655e-15
2144.330022   4.049020618961743e-15   5.888790411376148e-19   2.7663645935848547e-15
2292.159024   3.3497732134675815e-15   3.6359369548287898e-19   2.2871953568892105e-15
2450.1761220000003   2.771024916914323e-15   2.5429586146671297e-19   1.891452477080378e-15
2619.0925859999998   2.2921338856124303e-15   1.9520787087364746e-19   1.5643636767604054e-15
2799.6467820000003   1.89587180921284e-15   1.5422677676300382e-19   1.293814595752381e-15
2992.6515900000004   1.5680119167681012e-15   1.1742018736131228e-19   1.0699256108262612e-15
3198.9673080000002   1.2967595946667665e-15   8.213586236500843e-20   8.846093783819208e-16
3419.501652   1.0723610676495382e-15   5.1614839963242505e-20   7.31251901853166e-16
3655.2368519999995   8.867342513579497e-16   2.940954379487187e-20   6.044030591954944e-16
3907.222878   7.331846328683113e-16   1.5992490961979247e-20   4.99538575351143e-16
4176.5842139999995   6.061845538082738e-16   9.074398963259458e-21   4.1288811215451973e-16
4464.513084   5.011500199491823e-16   5.774777138262533e-21   3.41284887184444e-16
4772.296548   4.142863460597513e-16   4.03230356400578e-21   2.821001644046964e-16
5101.289406   3.4245465358467544e-16   2.8003446426420007e-21   2.3316633099459255e-16
5452.96839   2.8306140583525786e-16   1.7938971885634907e-21   1.9270147431835216e-16
5828.891519999999   2.339518466505735e-16   1.0719931575797612e-21   1.5924569773212105e-16
6230.731974   1.9335004100871722e-16   6.480584717607758e-22   1.3159362058350254e-16
6660.2713140000005   1.597845762130834e-16   4.1745333012972057e-22   1.0873954637858105e-16
7119.40626   1.3203601665583437e-16   2.7385164225294994e-22   8.985064435564986e-17
7610.2503   1.0910117765775042e-16   1.72864727307551e-22   7.423840372169103e-17
8134.8966   9.014356318097829e-17   1.0727422237340478e-22   6.13348696253334e-17
8695.71606   7.447568429091666e-17   6.815508590341184e-23   5.067158651250075e-17
9295.14732   6.152682216869357e-17   4.348644053277005e-23   4.1859683432025896e-17
9935.967719999999   5.08265028256572e-17   2.738174206541515e-23   3.457827503739823e-17
10620.954600000001   4.1984466399896487e-17   1.7326964747410101e-23   2.8561942905607475e-17
11353.156260000002   3.467859557061675e-17   1.0982705756617067e-23   2.3591061690487433e-17
12135.82422   2.8642244058043717e-17   6.938584042110231e-24   1.9484152602817116e-17
12972.41322   2.3655216398085456e-17   4.392227316304193e-24   1.609130299887377e-17
13866.78444   1.953547718521107e-17   2.7783194582148697e-24   1.3288568077398407e-17
14822.710261170401   1.613526380110183e-17   2.3015081127873628e-24   1.0973446072426208e-17
15844.534141082093   1.3326067121173715e-17   1.9063426238401963e-24   9.06113722968235e-18
16936.798852876804   1.1005305029879888e-17   1.5788762648568461e-24   7.481651468130339e-18
18104.36033199891   9.088173484168815e-18   1.307538488858373e-24   6.177142051316538e-18
19352.40926446868   7.504570460042772e-18   1.08273122456904e-24   5.099801945811969e-18
20686.494163372787   6.19655118202471e-18   8.964935509511937e-25   4.2101240071607865e-18
22112.54603616431   5.1162230851885246e-18   7.422232068649128e-25   3.475462178417156e-18
23636.90475243697   4.224004660762332e-18   6.144453341818764e-25   2.8688417109728814e-18
25266.347229398078   3.487185394416491e-18   5.086204689904443e-25   2.3679753806646098e-18
27008.117560345705   2.8787348209733557e-18   4.209851408199812e-25   1.9544500931459278e-18
28869.959220093868   2.3763176750241147e-18   3.4841955933355234e-25   1.6130544160415492e-18
30860.149490522814   1.9614795326346825e-18   2.8833779941794626e-25   1.3312226609218425e-18
32987.53625930197   1.6189734792343667e-18   2.385966704920394e-25   1.0985753474829752e-18
35261.57735538328   1.3362034219324373e-18   1.974201003752622e-25   9.065393661445535e-19
37692.382596140844   1.1027638724057016e-18   1.6333640005429264e-25   7.480340383868357e-19
40290.758733087845   9.100595095453926e-19   1.3512622136014534e-25   6.17211659924501e-19
43068.2574959881   7.509907138569948e-19   1.117793900818332e-25   5.092430858796487e-19
46037.22694895449   6.196936514079595e-19   9.245910502448617e-26   4.201405503873202e-19
49210.866386850474   5.113254594337518e-19   7.647224948414302e-26   3.4661126426659973e-19
52603.28501605041   4.21886719375876e-19   6.324477431231222e-26   2.859364521445406e-19
56229.564680438656   3.480747548020884e-19   5.23012884674393e-26   2.3587141498802397e-19
60105.82691151154   2.8716240993162613e-19   4.3248139761734985e-26   1.9456296870989057e-19
64249.30460067011   2.3689788958635865e-19   3.575939045628109e-26   1.6048124196073983e-19
68678.41861234081   1.9542200662127936e-19   2.956519363280476e-26   1.323633392339496e-19
73412.8596785268   1.611998158315103e-19   2.4442160368809404e-26   1.0916680790031874e-19
78473.67593887255   1.3296413681680141e-19   2.020537756788263e-26   9.003120539286396e-20
83883.36651542303   1.0966890120511455e-19   1.670179426375408e-26   7.424635842627301e-20
89665.98153808732   9.045061763485895e-20   1.3804742332703104e-26   6.12261505702254e-20
95847.2290654949   7.45965439150071e-20   1.1409397483118015e-26   5.048687656325333e-20
102454.58937658794   6.151840053566517e-20   9.42901953048656e-27   4.1629368785651114e-20
109517.43714106135   5.07306620525995e-20   7.791838463555052e-27   3.43242393712062e-20
117067.17201178991   4.1832630151755774e-20   6.438475620610709e-27   2.829969554512962e-20
125137.3582198236   3.4493630481681826e-20   5.3198082195177156e-27   2.3331480079044142e-20
133763.8737925555   2.844078964262726e-20   4.395201182225882e-27   1.9234566685152874e-20
142985.07005844908   2.344894319322283e-20   3.631043212921084e-27   1.5856304568881623e-20
152841.9421474427   1.9332303613565313e-20   2.9995348846608903e-27   1.3070759569305833e-20
163378.31124503355   1.5937581687854074e-20   2.4776854407461622e-27   1.077404328012194e-20
174641.01941029713   1.31383080896634e-20   2.0464824384590132e-27   8.880457865296809e-21
186680.1378239544   1.0830146011181119e-20   1.6902045149984955e-27   7.319314289329174e-21
199549.18939230507   8.927022080678948e-21   1.3958526549686724e-27   6.032306468882539e-21
213305.38669666892   7.357932888312842e-21   1.1526795652901768e-27   4.971344326876939e-21
228009.88634619818   6.064309287192319e-21   9.518002660031051e-28   4.096765641224485e-21
243728.06086485062   4.997841162328876e-21   7.858699078001809e-28   3.375860547534987e-21
260529.78932126382   4.118682315022677e-21   6.488172318886093e-28   2.781654090109645e-21
278489.76799359935   3.3939691147864154e-21   5.356240800429098e-28   2.2919017413350728e-21
297687.8424504941   2.796598137745885e-21   4.421430130729872e-28   1.888260675694003e-21
318209.3625244678   2.3042175633404558e-21   3.649464629342001e-28   1.5556060798149531e-21
340145.56175591017   1.8983949902626935e-21   3.012019758920078e-28   1.2814671429022153e-21
363593.9629945594   1.5639308473093599e-21   2.485690417699075e-28   1.0555617996559674e-21
388658.81196167617   1.2882919542868582e-21   2.051137807206636e-28   8.694129532697978e-22
415451.5407004211   1.0611442298986142e-21   1.6923840182425505e-28   7.160319238150064e-22
444091.26297481946   8.739672108770685e-22   1.3962288005423922e-28   5.896573584167176e-22
474705.3038197346   7.197360743674758e-22   1.1517673876451595e-28   4.855398958866031e-22
507429.7655960953   5.926593551309924e-22   9.499918957284675e-29   3.9976457571265713e-22
542410.133067917   4.8796261253725355e-22   7.834618339937222e-29   3.291043821290792e-22
579801.9201911386   4.0171000557541123e-22   6.460317626413876e-29   2.708994701048616e-22
619771.3614897354   3.3065714001062513e-22   5.326262020932104e-29   2.2295757419576795e-22
662496.1510927934   2.7212971220224874e-22   4.39053608046215e-29   1.8347188855764129e-22
708166.2327181189   2.2392343180245355e-22   3.618526425984163e-29   1.5095335613023297e-22
756984.6441144526   1.84221495931868e-22   2.98165142931228e-29   1.2417484110484995e-22
809168.4197164677   1.5152653968216745e-22   2.4563115798730623e-29   1.021251011290298e-22
864949.5555255278   1.2460452603514599e-22   2.023022251199679e-29   8.397084065831835e-23
924576.040505826   1.0243848242054496e-22   1.6656972168551961e-29   6.902542796166456e-23
988312.9590812321   8.419035759624531e-23   1.371056749067166e-29   5.672310668520622e-23
1.056443669634273e6   6.916957489266742e-23   1.1281386684142797e-29   4.659773779271702e-23
1.129271064246559e6   5.68071073192715e-23   9.278944632372212e-30   3.8265276734103256e-23
1.2071189152811454e6   4.6634105830886735e-23   7.628556986037515e-30   3.140933012215795e-23
1.2903333147933963e6   3.826428182707694e-23   6.268584988234005e-30   2.576925120176634e-23
1.379284213169615e6   3.1379385008052317e-23   5.148160075098962e-30   2.1130328249197106e-23
1.4743670638338388e6   2.571723323470437e-23   4.2253048184054666e-30   1.7315698269103182e-23
1.5760045813347541e6   2.106184632881922e-23   3.46538126511935e-30   1.4179682873774404e-23
1.6846486206287479e6   1.723531434326683e-23   2.8398097051609373e-30   1.1602296434408552e-23
1.800782185913915e6   1.4091095652916134e-23   2.3250107975312597e-30   9.48472046899388e-24
1.9249215779457958e6   1.1508493676270296e-23   1.901532166305977e-30   7.745574410447487e-24
2.0576186893812725e6   9.388105124801671e-24   1.5533273393253389e-30   6.317842730473394e-24
2.1994634583551465e6   7.64806903316109e-24   1.2671604898075873e-30   5.146342991670458e-24
2.3510864911973863e6   6.220975803125421e-24   1.03211505810089e-30   4.185639680433861e-24
2.51316186595099e6   5.051320214641589e-24   8.39188145657723e-31   3.398325393145168e-24
2.686410129154199e6   4.093402740378402e-24   6.809557252228383e-31   2.7536047324384526e-24
2.8716014992100056e6   3.309600306222504e-24   5.512963152316258e-31   2.2261276339884372e-24
3.0695592905843416e6   2.6689414964422297e-24   4.451629176511553e-31   1.7950282120862758e-24
3.281163574056062e6   2.1459326262679348e-24   3.5839479561404615e-31   1.4431329346237677e-24
3.507355089291289e6   1.7195905232844896e-24   2.875621352229819e-31   1.1563083039891449e-24
3.7491394271364426e6   1.3726456244657675e-24   2.2983784860481606e-31   9.229234681580777e-25
4.007591500223377e6   1.0908853984360754e-24   1.8289177711990703e-31   7.334075125665741e-25
4.283860321761822e6   8.626133823155298e-25   1.448033813385292e-31   5.798847503716225e-25
4.579174113764445e6   6.782034770426139e-25   1.1398968836960704e-31   4.558742702287346e-25
4.894845767414411e6   5.297327374706752e-25   8.914583248539747e-32   3.5604242707532253e-25
5.232278679850884e6   4.106788582508758e-25   6.919599247660763e-32   2.7599896353814186e-25
5.592972993321348e6   3.156710042048852e-25   5.325291590636879e-32   2.121291023190503e-25
5.978532264438455e6   2.4028465538162033e-25   4.058454047488442e-32   1.6145531467096543e-25
6.390670593191255e6   1.8087280643511093e-25   3.058648755602404e-32   1.2152359699129838e-25
6.8312202434045905e6   1.3442723735854292e-25   2.2759421926691565e-32   9.031001720317362e-26
7.302139788525337e6   9.84647058605435e-26   1.6690452195038096e-32   6.614405735365876e-26
7.805522818949582e6   7.093383831242865e-26   1.2037894232606495e-32   4.7645904123420315e-26
8.343607249601372e6   5.0139245099479885e-26   8.518839446370834e-33   3.367534425079841e-26
8.918785269142166e6   3.467997950904146e-26   5.8990643416251783e-33   2.3290322214072916e-26
9.53361397504271e6   2.3399914871738835e-26   3.984890217506682e-33   1.5713525007700175e-26
1.0190826741798177e7   1.5347949469471012e-26   2.616654582859021e-33   1.0305584951622363e-26
1.0893345372826848e7   9.746182744144154e-27   1.6634921328329857e-33   6.543649700529377e-27
1.1644293090076575e7   5.964366850689252e-27   1.0191473293568445e-33   4.004177341933598e-27
1.2447008419087632e7   3.499061988605446e-27   5.985590214709861e-34   2.3488988357251926e-27
1.3305060031241411e7   1.9560589768260212e-27   3.349780519028558e-34   1.3129814638256388e-27
1.4222262609179921e7   1.034827357893118e-27   1.7740986096343038e-34   6.945584130855735e-28
1.5202693805929746e7   5.1403897547733485e-28   8.822217762369957e-35   3.44985940839407e-28
1.6250712373126512e7   2.3761074441621533e-28   4.082405435816853e-35   1.5945426529283194e-28
1.737097753893337e7   1.0116292365711795e-28   1.73994800070035e-35   6.788227670995582e-29
1.8568469721802916e7   3.9207549567858456e-29   6.750656017029965e-36   2.6306915514594845e-29
1.9848512672170706e7   1.3648738913802473e-29   2.3524844852900477e-36   9.157105053311692e-30
2.121679714051681e7   4.20282627399625e-30   7.251540263123419e-37   2.8195044549743066e-30
2.2679406177017692e7   1.124915199968021e-30   1.942942053248532e-37   7.546004174584968e-31
2.4242842175264318e7   2.565354752336568e-31   4.4354269031784195e-38   1.7207224580882758e-31
2.591405578027608e7   4.871988165936034e-32   8.432160865804343e-39   3.2676534428926656e-32
2.7700476789328367e7   7.506948418401167e-33   1.3005813391951535e-39   5.034539966469019e-33
2.9610047182971098e7   9.108984721389967e-34   1.5797279030029265e-40   6.108479969986663e-34
3.1651256433085844e7   8.412593425533845e-35   1.4604183471175463e-41   5.64105224546301e-35
3.383317924495237e7   5.68770390632977e-36   9.883625784822403e-43   3.8135940567499266e-36
3.6165515901116304e7   2.692611636456595e-37   4.68362235284918e-44   1.805255509188401e-37
3.865863538641674e7   8.4833513937288e-39   1.477071037144822e-45   5.687221075830617e-39
4.132362148589682e7   1.678407501253859e-40   2.92519000858665e-47   1.1251177401794222e-40
4.417232206053702e7   1.9513972054853007e-42   3.4042550748875415e-49   1.3080199165131269e-42
4.721740171987881e7   1.2359024384493171e-44   2.1581289113113273e-51   8.283639562009222e-45
5.0472398125707895e7   3.910105726754663e-47   6.8343235935583e-54   2.6205595816215714e-47
5.395178217710918e7   5.597163280797986e-50   9.79232803229083e-57   3.7509584398722907e-50
5.767102234446109e7   3.2374303356893145e-53   5.669261307426584e-60   2.169420045577377e-53
6.1646653438382104e7   6.649019754363596e-57   1.1654372332533527e-63   4.455228489126858e-57
6.5896350119359076e7   4.1831747591344297e-61   7.3390472270310565e-68   2.8027715980588614e-61
7.04390054748626e7   6.81028036640018e-66   1.1959094271050668e-72   4.5626402650725453e-66
7.52948150132838e7   2.365932362441423e-71   4.158459641272746e-78   1.5849782071582813e-71
8.048536644810838e7   1.4071598756414409e-77   2.4755274698162886e-84   9.426149851101755e-78
8.603373567148593e7   1.113956390581171e-84   1.9614802414158772e-91   7.461552578681297e-85
9.196458934386913e7   8.803687425989008e-93   1.5515619939324478e-99   5.896522175625122e-93
9.830429455581044e7   5.000405197287063e-102   8.820553566738077e-109   3.3489372843323233e-102
1.0508103604944527e8   1.4021868877087691e-112   2.4755976035525095e-119   9.390276909202172e-113
1.1232494152079909e8   1.2639294218747412e-124   2.2334585291778282e-131   8.463815478458137e-125
1.2006821555998105e8   2.2430283355968692e-138   3.9670546383886325e-145   1.5019281977732403e-138
1.2834528282472874e8   4.475613947923378e-154   7.922492827745713e-161   2.996665434146124e-154
1.3719294108381778e8   5.294051963389702e-172   9.37930668155341e-179   3.5444205626005445e-172
1.4665052481072885e8   1.7865091176956644e-192   3.1678060676362244e-199   1.1960074089601843e-192
1.5676008005486897e8   7.457007729295382e-216   1.3233852560054421e-222   4.9918897771248724e-216
1.6756655136778027e8   1.4817090723926573e-242   2.6317858591229285e-249   9.918254992430035e-243
1.7911798161536357e8   4.707061706938739e-273   8.367601644344704e-280   3.1506076933924714e-273
1.9146572556443205e8   6.87214252563492e-308   1.222656238097233e-314   4.599481479457239e-308
2.0466467819314703e8   1.109518466076134e-347   1.97562940985182e-354   7.425465755197205e-348
2.187735187403471e8   3.890327207459831e-393   6.932876632782352e-400   2.603442028511555e-393
2.3385497157875288e8   4.612493368338907e-445   8.226539158262411e-452   3.086528692111381e-445
2.4997608507182413e8   2.208372985679564e-504   3.941900110013551e-511   1.47767844106557e-504
2.6720852965399718e8   3.765780520664643e-572   6.727251927488057e-579   2.519623363075851e-572
2.856289164594927e8   1.426719006109025e-649   2.550752835760274e-656   9.54536064192878e-650
3.053191379162377e8   5.043388818067082e-738   9.02396484051501e-745   3.37403652069822e-738
3.263667318190972e8   4.444681129704119e-839   7.958997232946168e-846   2.973319158756421e-839
3.4886527050099385e8   1.556516377561563e-954   2.789408054654121e-961   1.041186106589463e-954
3.729147768320729e8   1.913147688849309e-1086   3.431194177775489e-1093   1.279667301772453e-1086
3.986221688963406e8   3.713406495074606e-1237   6.665083374206167e-1244   2.483677075457923e-1237
4.2610173532269746e8   2.369481813371615e-1409   4.256186410221066e-1416   1.584711573592266e-1409
4.5547564338356817e8   4.289035930140318e-1606   7.710082148181473e-1613   2.868341790616119e-1606
4.868744821200087e8   6.947883568211275e-1831   1.249918871676842e-1837   4.64620389662044e-1831
5.2043784290788805e8   1.006369530808613e-2087   1.811818447212124e-2094   6.729423775775357e-2088
5.563149400461965e8   3.500634722248099e-2381   6.307101931628895e-2388   2.340679810083451e-2381
5.946652741264607e8   1.750508882343555e-2716   3.156248573105372e-2723   1.170400483594939e-2716
6.356593411324408e8   1.35532727648802e-3099   2.445529327399266e-3106   9.06127808642903e-3100
6.794793904225883e8   2.46529036781854e-3537   4.45160477929374e-3544   1.648119165144996e-3537
7.263202349650639e8   1.702823772071439e-4037   3.077060794769781e-4044   1.138323308817003e-4037
7.763901174274209e8   5.587597220750734e-4609   1.010432627243642e-4615   3.735051137605673e-4609
8.299116359713677e8   5.855440129771581e-5262   1.059633726195682e-5268   3.913872557553289e-5262
8.871227338684646e8   4.664976572870303e-6008   8.448074496650943e-6015   3.117973484440468e-6008
9.482777573363366e8   1.479091672893051e-6860   2.680485721247137e-6867   9.88539427733573e-6861
1.0136485862982774e9   1.246465329370236e-7834   2.260512240430935e-7841   8.330195557430527e-7835
1.0835258430933194e9   1.277054912541117e-8947   2.3176220748844e-8954   8.534160216343256e-8948
1.1582201845103917e9   2.44801723038856e-10219   4.445821824681644e-10226   1.63584462219247e-10219
1.2380636828906262e9   2.018044026415744e-11672   3.667506758977153e-11679   1.348449576068944e-11672
1.3234113024378471e9   9.70888323808887e-13333   1.765673708466958e-13339   6.487090830818176e-13333
1.414642477300551e9   7.564950142937976e-15230   1.37672223775633e-15236   5.054329238817404e-15230
1.5121627984411328e9   1.612834449987163e-17397   2.937158270911342e-17404   1.077517016407663e-17397
1.6164058167917619e9   2.42383432024694e-19874   4.41708768602577e-19881   1.6192514452309e-19874
1.7278349707132776e9   2.073817542739151e-22704   3.781790037058692e-22711   1.385348540246296e-22704
1.8469456463261151e9   4.196498010503137e-25938   7.65783373827009e-25945   2.803191713547647e-25938
1.9742673798729694e9   5.441092027654764e-29633   9.93562754718556e-29640   3.634370912580139e-29633
2.1103662119043524e9   7.541992339515024e-33855   1.378110151535214e-33861   5.037404036154926e-33855
2.2558472037531657e9   7.745788871855985e-38679   1.416284237762145e-38685   5.173256356716919e-38679
2.411357127485898e9   7.791511791277521e-44191   1.425580491916907e-44197   5.203527402001519e-44191
2.577587341289308e9   5.726505017489409e-50489   1.048439174340507e-50495   3.824226880101056e-50489
2.7552768630758276e9   2.318497509651668e-57685   4.247585826403458e-57692   1.548241303397293e-57685
2.945215655972179e9   3.975745972797375e-65908   7.288437913733105e-65915   2.654781448844569e-65908
3.1482481402976546e9   1.186026242799709e-75303   2.175648902994064e-75310   7.919225231154595e-75304
3.3652769476454487e9   3.345353991555612e-86039   6.140640471736053e-86046   2.233617706514051e-86039
3.597266933756729e9   6.753589893012079e-98306   1.240457135889729e-98312   4.508996864584598e-98306
3.8452494680276985e9   4.072194285299509e-112322   7.48427049770564e-112329   2.718643984246363e-112322
4.1103270187197127e9   2.184762453939647e-128337   4.017885473032598e-128344   1.458501190355123e-128337
4.393678054257151e9   8.011541823689151e-146637   1.474280860671416e-146643   5.348075109219138e-146637
4.696562282402983e9   3.340143209040739e-167546   6.150330682967765e-167553   2.229592136160995e-167546
5.020326250604098e9   9.04341540898346e-191438   1.666224789967068e-191444   6.036314676935134e-191438
5.36640933240413e9   7.36244481640884e-218737   1.35734230048808e-218743   4.914061755217047e-218737
5.736350126537856e9   1.811892742234805e-249929   3.342447063934339e-249936   1.209289603985654e-249929
6.131793297155968e9   6.554738402609951e-285571   1.209903272947499e-285577   4.374541934325099e-285571
6.554496885590117e9   1.065779560625206e-326295   1.968450220397066e-326302   7.112529853832488e-326296
7.006340126164528e9   7.572107347456147e-372829   1.399375003249203e-372835   5.05304400264512e-372829
7.489331800801305e9   8.997083352807889e-425999   1.663711218283143e-426005   6.003683258996885e-425999
8.005619169561932e9   4.811241043536322e-486752   8.902064384790233e-486759   3.210354262239473e-486752
8.557497516827911e9   3.08383713677683e-556170   5.70927600562454e-556177   2.057629601628182e-556170
9.147420355560463e9   3.471128249122383e-635489   6.430057266424135e-635496   2.315935452281696e-635489
9.77801033500488e9   5.513859244454117e-726121   1.022005024040656e-726127   3.678676482346849e-726121
