7.53397506e-6   2.749084820938928e-6   2.749084820938928e-6   2.7844475212725564e-6
8.05340538e-6   2.932103578190853e-6   2.932103578190853e-6   2.9698205301717347e-6
8.60860242e-6   3.1272907504439997e-6   3.1272907504439997e-6   3.167518481804544e-6
9.20207256e-6   3.335470684447952e-6   3.335470684447952e-6   3.3783763268593247e-6
9.83645766e-6   3.5575094640833165e-6   3.5575094640833165e-6   3.603271290038712e-6
0.00001051453506   3.7943145466830964e-6   3.7943145466830964e-6   3.843122501702853e-6
0.0000112394208   4.046905146099143e-6   4.046905146099143e-6   4.098962286304533e-6
0.00001201423092   4.3162934767636935e-6   4.3162934767636935e-6   4.371815878840273e-6
0.000012842487900000002   4.603625794793971e-6   4.603625794793971e-6   4.662844280229375e-6
0.000013727849700000001   4.910087354761772e-6   4.910087354761772e-6   4.973247991500174e-6
0.000014674245240000002   5.236948853719157e-6   5.236948853719157e-6   5.304314055245882e-6
0.0000156858744   5.5855656310918166e-6   5.5855656310918166e-6   5.6574152452258245e-6
0.00001676720802   5.957376886924896e-6   5.957376886924896e-6   6.034009274555213e-6
0.00001792312338   6.353951349057347e-6   6.353951349057347e-6   6.435685050316674e-6
0.00001915876872   6.776939688696357e-6   6.776939688696357e-6   6.8641144770350426e-6
0.00002047956324   7.228073800693874e-6   7.228073800693874e-6   7.321051727695773e-6
0.000021891400320000003   7.709235287927974e-6   7.709235287927974e-6   7.808402609071352e-6
0.00002340057978   8.2224310091107e-6   8.222389857398572e-6   8.328199794989708e-6
0.000025013740139999998   8.769768961523803e-6   8.769725070488739e-6   8.882578398838874e-6
0.000026738197319999997   9.35357194384259e-6   9.353525130984007e-6   9.473891098486269e-6
0.0000285815382   9.97623829627266e-6   9.976188367086747e-6   0.000010104516835763045
0.00003055189158   0.000010640332565322997   0.000010640279312470866   0.000010777150299687018
0.0000326581314   0.000011348652227677171   0.000011348595429819093   0.000011494577825053352
0.00003490953804   0.000012104051321939003   0.000012104051321939003   0.000012259751506595534
0.00003731613702   0.000012909791044235106   0.000012909726433010819   0.000013075855843202154
0.000039888699   0.000013769185923965991   0.0000137691170116221   0.000013946305529122137
0.000042638604299999994   0.000014685787317338634   0.000014685713817566644   0.000014874697603351025
0.00004557804612   0.00001566339253714293   0.000015663235752312158   0.000015864799330220936
0.00004872016602   0.00001670608747472592   0.000016705920252900165   0.00001692090169809333
0.000052078918439999995   0.00001781819905990607   0.000017817931529756817   0.000018047313303360752
0.00005566913844   0.000019004220328573098   0.000019004030102801938   0.000019248681291595834
0.00005950694814000001   0.00002026931601337797   0.000020269011680336798   0.000020529948451396593
0.00006360928254   0.00002161861086187646   0.000021618286269888   0.000021896593170297127
0.0000679947024   0.000023057816407058995   0.00002305735480644027   0.000023354188559925785
0.000072681633   0.000024592437751343798   0.000024591945427496275   0.000024908659724225457
0.0000776923608   0.000026229563687417922   0.000026228907315747565   0.00002656670453531185
0.0000830485626   0.000027975543525326796   0.000027974843460300854   0.000028335268082278275
0.0000887739474   0.00002983786851535281   0.000029836972514656733   0.00003022138955536184
0.00009489425639999999   0.00003182407844673987   0.000031822963526702836   0.00003223313026279874
0.00010143590820000001   0.000033942477325790663   0.00003394094844084834   0.00003437858708390232
0.0001084287084   0.000036201770024271466   0.000036199958187347903   0.000036666909461547674
0.0001159038174   0.000038611523419098645   0.00003860939773136521   0.00003910743140027218
0.0001238937504   0.000041181516257994874   0.00004117883687048064   0.000041710433328589766
0.000132435087   0.000043922764189784495   0.00004391968661874217   0.000044486668807988856
0.0001415650842   0.00004684618930073419   0.00004684243796679771   0.00004744762947909548
0.000151324386   0.000049964406959517434   0.000049959655738113223   0.000050605630673519804
0.00016175634600000001   0.00005328987260317729   0.000053284271726706545   0.00005397350905914153
0.0001729077048   0.00005683674749639974   0.00005682992044740117   0.00005756560289803632
0.00018482791259999997   0.00006061972205714855   0.00006061122703466162   0.00006139678761677527
0.00019756980659999999   0.00006465413419981292   0.00006464410301608392   0.00006548259622279333
0.0002111902884   0.00006895710186586714   0.0000689446774426828   0.00006984036036083223
0.0002257496466   0.00007354640957299592   0.00007353094971501706   0.00007448771781811447
0.00024131291159999998   0.0000784408174287137   0.00007842236573095326   0.00007944398823470787
0.0002579485008   0.00008366033010583939   0.00008363771954541191   0.00008472942328305975
0.0002757309282   0.00008922715840017197   0.00008919991718226427   0.00009036650533459034
0.00029474012699999997   0.00009516468531312813   0.0000951308684136493   0.0000963779466753041
0.00031505874   0.00010149595961617189   0.00010145481286336407   0.00010278893906113219
0.0003367788936   0.00010824816700477147   0.00010819832300460909   0.00010962501087792307
0.0003599961012   0.00011544947400602758   0.00011538822438313413   0.00011691561689896469
0.000384814005   0.00012312866018064525   0.00012305470829479827   0.00012468926236721607
0.00041134234379999995   0.0001313171638523513   0.00013122711986544503   0.00013297829432361207
0.00043970034   0.0001400497915099511   0.000139940440318388   0.00014181721231627687
0.0004700126352   0.00014936217665620697   0.00014922761176578952   0.00015124116594454444
0.0005024147094   0.00015929140974717073   0.00015912796546796259   0.00016128897530929764
0.0005370508488000001   0.00016987910631054495   0.0001696792878191653   0.00017200184400109538
0.0005740748232   0.00018116692389307396   0.00018092480670865905   0.0001834217126695431
0.0006136512408   0.00019320284736917744   0.00019290789267535483   0.00019559590418404807
0.0006559555482   0.00020603513899207003   0.00020567418051373418   0.0002085727855113543
0.0007011767399999999   0.00021971437719359518   0.00021927555509120117   0.000222403015913791
0.0007495160040000001   0.00023429611296370327   0.00023376130564592407   0.00023714339098992665
0.000801188076   0.0002498394169106224   0.00024918782232645747   0.00025285073197176303
0.000856416498   0.00026640406618103616   0.0002656105613265629   0.00026958455054189274
0.0009154586820000001   0.00028405900741335533   0.00028309343409079   0.0002874120882282536
0.00097857204   0.000302872034177651   0.000301695391576399   0.0003064019628427768
0.001046034306   0.0003229157826107008   0.0003214817617689733   0.0003266230341996459
0.001118143536   0.0003442675766264336   0.0003425197526826729   0.0003481513560437327
0.001195231656   0.00036701144415933945   0.0003648834199412476   0.00037106951575777576
0.001277623818   0.00039122720680118996   0.0003886353808903462   0.0003954535963704078
0.0013657061399999998   0.00041701241085460926   0.00041385695116905925   0.00042139465939504433
0.001459857966   0.0004444559278547799   0.00044061616342641635   0.0004489780070369112
0.0015604992839999999   0.00047365741774972153   0.0004689837300785649   0.0004782969180011427
0.001668077178   0.0005047185570635417   0.0004990299093061813   0.0005094455145516302
0.0017830726020000001   0.0005377464748338317   0.0005308253944373828   0.0005425166383850727
0.001905993606   0.0005728483241131939   0.0005644267313485927   0.0005776060050933576
0.002037395658   0.0006101417627392215   0.0005998984589550779   0.0006148149866918167
0.002177847774   0.0006497289540065986   0.0006372753214771088   0.0006542330932928808
0.00232798671   0.0006917350997577002   0.0006765973580451859   0.0006959540091188216
0.002488476318   0.0007362701037772346   0.0007178758931571062   0.0007400610518114581
0.002660034642   0.000783442432566392   0.0007611017620912673   0.0007866320066986822
0.0028434135959999997   0.0008333629877036013   0.000806242158925305   0.0008357340787678414
0.003039432834   0.0008861330427138199   0.000853224139530604   0.0008874220923603348
0.0032489662020000003   0.0009418388829635114   0.0009019385465393568   0.0009417193770966962
0.003472948512   0.0010005633001934611   0.0009522104653594479   0.0009986458477119825
0.0037123755420000004   0.0010623569304962922   0.0010038215236510802   0.0010581698479154246
0.003968297262   0.001127260755338517   0.0010564585568006986   0.0011202265096435142
0.004241872026000001   0.0011952773772864345   0.0011097272960451643   0.0011847270434059995
0.004534298832   0.0012663708611057541   0.0011631329113355677   0.0012514953688535972
0.004846891836   0.0013404674575508118   0.001216054699349956   0.0013203182948066429
0.005181032934   0.001417432110434079   0.0012677277852798441   0.0013908905522712726
0.005538212406   0.0014970599448251817   0.0013172586738582192   0.0014628321940198688
0.005920008594   0.0015790722572803383   0.0013635646631812537   0.0015356639797133886
0.006328128546000001   0.0016631067447382825   0.0014053972188153353   0.0016088125621711432
0.006764380919999999   0.0017486862240346744   0.0014413373515149545   0.0016815826666151498
0.00723070308   0.0018352366227480615   0.0014697764773939166   0.0017531690415469286
0.007729201739999999   0.0019220441013346786   0.001488983196837773   0.0018226469874530306
0.008262044579999999   0.0020082610240523824   0.0014970996018449864   0.0018889692111617774
0.0088316025   0.002092909640957554   0.001492218374750193   0.0019510100148483578
0.009440449620000001   0.002174880024566174   0.0014724893299012764   0.0020075335899804327
0.01009129554   0.0022529312947014457   0.00143627584066722   0.0020572770953423488
0.01078698534   0.0023256796909627885   0.001382230579818631   0.0020989138124240217
0.011530635059999999   0.0023917264397441155   0.0013095998039940953   0.0021311622069926394
0.012325496220000001   0.0024494791646580416   0.0012182806507021712   0.0021527515439286092
0.01317522678   0.002497595948509064   0.0011095083825165596   0.002162711580891294
0.0140834847   0.0025345712700636826   0.000985420608827321   0.0021600171062010408
0.01505440212   0.0025591246009708923   0.0008496159922081243   0.0021440106638958684
0.01609224666   0.002570112348221048   0.0007070545979460605   0.002114284335345453
0.01720162464   0.0025667162318634066   0.0005638564749413752   0.0020707812613893475
0.01838748108   0.0025483752732115322   0.0004269125874934892   0.0020139583143794857
0.0196550997   0.0025149354075503874   0.0003031516713725828   0.0019447873643266016
0.02101010292   0.0024666013896702506   0.00019859682221595257   0.0018649348657405944
0.0224585196   0.0024040301448737564   0.00011732476122053088   0.0017767176426005346
0.024006785040000003   0.0023282921221546332   0.000060548458648291435   0.0016832225830757243
0.025661808720000002   0.0022408804901608366   0.000026127424535777588   0.0015879066182966856
0.02743090656   0.0021436738957613345   9.0078120091621e-6   0.0014944235144254507
0.02932200414   0.002038948070252692   2.6178652328514507e-6   0.0014059893023895334
0.031343433479999995   0.0019291787907796756   1.1900062259156827e-6   0.0013250202254932607
0.033504203999999996   0.001816826637960339   2.1862197116199133e-6   0.001252686028255507
0.03581393478   0.0017043598137425524   7.477463779479997e-6   0.0011890085718578253
0.0382829223   0.001593862463946367   0.000021867877096468706   0.0011327448845640964
0.040922140440000004   0.0014869585643946732   0.0000486378644289471   0.0010814040650102509
0.04374330822   0.0013849171955281625   0.00008415816875999875   0.0010313848770467377
0.0467588898   0.0012877906167389948   0.0001155478583194225   0.0009775031766330853
0.049982433179999994   0.0011948045325769732   0.00012601078793895255   0.0009150150120631023
0.053428163759999994   0.0011052727158535566   0.00010697005987500232   0.0008422142698792167
0.057111458520000005   0.0010187140185400718   0.00006740812897296724   0.000761510725978015
0.0610486428   0.0009348776405927659   0.000028933473290643136   0.0006786904848612274
0.065257329   0.0008538244338650554   7.586238734792157e-6   0.0006015144041868077
0.06975594239999999   0.0007763533196006614   1.692669630191249e-6   0.000537370462683133
0.074564805   0.0007039295639586464   2.505482719109999e-6   0.0004896269517927576
0.0797055936   0.0006375892633908985   0.00001110067348174874   0.0004554187862590389
0.08519998499999999   0.0005770930675235995   0.000029064685770263497   0.0004263141037391516
0.0910737204   0.0005215047691263985   0.0000396560859170124   0.00039238669662319527
0.097352541   0.0004697978370255312   0.00002821505483212965   0.00034962594633868434
0.1040635428   0.0004212336478040485   0.000010038775917240967   0.00030335266449014016
0.1112378862   0.00037627685898639643   2.773093442738576e-6   0.0002642508648677334
0.1189067316   0.00033578173663587914   4.02177881680745e-6   0.0002378616656540226
0.127103949   0.00029965898978323016   0.000011513068120522738   0.0002190950119774136
0.135866118   0.0002670076445343147   0.000014736685687913183   0.00019798010438161335
0.1452325278   0.00023682005927373552   7.458238099547049e-6   0.00017198372172223938
0.1552451772   0.00020934742470658219   3.0221312156516217e-6   0.00014888211678907
0.1659474198   0.00018506973653993787   4.4781080809587736e-6   0.0001333334253628568
0.17738802839999998   0.00016356358540808104   6.817330648002719e-6   0.00011994027231801889
0.1896164532   0.00014399224603380253   4.223746321466075e-6   0.00010433412149417944
0.2026889184   0.0001264208798187359   2.6755811030966846e-6   0.00009074497304650784
0.2166616482   0.00011103951614413055   3.6027575482118842e-6   0.00008071596977042805
0.23159831820000001   0.00009731083327584594   2.9727159492619717e-6   0.00007059835842056297
0.2475646362   0.00008504860867521863   2.1382616249798656e-6   0.00006133927868490525
0.2646317292   0.00007431402200144913   2.309283307423755e-6   0.00005394467310251614
0.2828747886   0.00006479134405372594   1.7918038294493704e-6   0.0000468615639417826
0.3023757798   0.00005640940210589105   1.622313336768531e-6   0.00004084747225369388
0.32322141   0.00004905376053675506   1.409400155753154e-6   0.00003552029514216538
0.34550380560000005   0.000042589780776081   1.2155273270624426e-6   0.00003083311632835231
0.36932254439999995   0.000036933243668899606   1.0576415766956032e-6   0.000026741013188358256
0.3947839782   0.000031985050765809856   9.18354784698761e-7   0.00002316013003970761
0.421999878   0.000027664815952204313   7.901806328243361e-7   0.000020028679269647988
0.4510921758   0.000023899949498812985   6.860646275749283e-7   0.000017305580789463145
0.48218957760000003   0.00002062295627188668   5.909747012243813e-7   0.00001493193185590607
0.5154316278000001   0.00001777556899953371   5.094672610327549e-7   0.000012870372970912967
0.5509646448   0.000015304593944394512   4.3877828530402706e-7   0.000011081380179359371
0.5889478176   0.000013162944069450367   3.774610146884221e-7   9.530786460652136e-6
0.6295498188   0.000011309360431891115   3.243455221939454e-7   8.188697123862138e-6
0.6729501594   9.707280366206543e-6   2.784378692449152e-7   7.02873461573354e-6
0.719344608   8.324150322109764e-6   2.38777138828457e-7   6.027253722642333e-6
0.768930288   7.131234632537362e-6   2.0457367172521665e-7   5.16346702607494e-6
0.821943612   6.1038668403215076e-6   1.7512274820359555e-7   4.419676580073313e-6
0.8786081219999999   5.220001944053481e-6   1.4977539067476e-7   3.779665030578876e-6
0.9391744559999999   4.460199637362338e-6   1.279920290081382e-7   3.2295279695246474e-6
1.0039203479999999   3.807909015544874e-6   1.0927845264905455e-7   2.757236408297429e-6
1.073130306   3.248381558568008e-6   9.322515981613328e-8   2.3520833706612303e-6
1.1471159340000001   2.7689980925927316e-6   7.947770952424568e-8   2.0049625912146083e-6
1.22619561   2.358492331128622e-6   6.769864226928861e-8   1.7077541979606499e-6
1.310728356   2.0074288885212736e-6   5.762467344780196e-8   1.4535417981749476e-6
1.401086742   1.7073847220229273e-6   4.901461160683658e-8   1.2362906615737234e-6
1.4976772080000003   1.4512006287192435e-6   4.166429940035416e-8   1.0507931030235408e-6
1.600926516   1.2326136707635459e-6   3.539029546032068e-8   8.925213897373964e-7
1.7112952979999998   1.0462798081834464e-6   3.004106259889084e-8   7.576000091006959e-7
1.8292712819999999   8.875526428760685e-7   2.5485880320741257e-8   6.426680426910737e-7
1.955376066   7.524383152465e-7   2.1607060435318884e-8   5.448331806795853e-7
2.090178666   6.375119246218808e-7   1.8307407006068568e-8   4.616164304006702e-7
2.234275194   5.3982819449385e-7   1.5503289854971776e-8   3.9088632608673574e-7
2.388302406   4.568487943486317e-7   1.3120687541614582e-8   3.3080232675208235e-7
2.55295125   3.8641461606755463e-7   1.1098230632693672e-8   2.798010141520736e-7
2.728946544   3.266641948961397e-7   9.382651786691022e-9   2.365376597054712e-7
2.9170808459999997   2.760096329668314e-7   7.92793083189814e-9   1.998568109450066e-7
3.118180584   2.330912564762415e-7   6.695486764612718e-9   1.6878125471694918e-7
3.3331467   1.96748073968893e-7   5.651727041884707e-9   1.4246607761366673e-7
3.5629275540000003   1.6599284547610477e-7   4.768444515883811e-9   1.2019587821362264e-7
3.8085527939999997   1.3997906100697777e-7   4.021270521900443e-9   1.013579928387036e-7
4.071113034   1.1798894346887656e-7   3.3896244950264706e-9   8.543546659948358e-8
4.351766628   9.940683431939674e-8   2.8559426658621134e-9   7.198143868373525e-8
4.651780314   8.371726145978693e-8   2.4052035083530516e-9   6.061962761020552e-8
4.972468248   7.047278726791575e-8   2.024773104749909e-9   5.102944886655612e-8
5.315266518   5.929960347519959e-8   1.7037940643162895e-9   4.29390342753547e-8
5.6816925   4.9877544169328145e-8   1.433120451762401e-9   3.6116586061542144e-8
6.073385502000001   4.193622768276476e-8   1.20496528212891e-9   3.0366203388537015e-8
6.492079668   3.524575623206942e-8   1.0127467937132717e-9   2.5521645863595903e-8
6.9396243   2.9611495022732712e-8   8.508728108946229e-10   2.1441875910264527e-8
7.418071919999999   2.486904411115398e-8   7.146107288150899e-10   1.8007768783650375e-8
7.92944118   2.0878394274077855e-8   5.999487379334961e-10   1.5118178878505053e-8
8.47610298   1.7522108590650514e-8   5.035146376412848e-10   1.2687864131036613e-8
9.06042822   1.4700420300087098e-8   4.22433722334843e-10   1.0644637002723218e-8
9.68505876   1.2328968567515832e-8   3.542897550395055e-10   8.927475049679035e-9
10.3527042   1.0336638267662435e-8   2.9703989663227373e-10   7.484809606753815e-9
11.06641284   8.663584290600559e-9   2.489621163212074e-10   6.273351398790585e-9
11.829368460000001   7.259043273187669e-9   2.0860171482747646e-10   5.256336586401825e-9
12.64482258   6.080341569093988e-9   1.7472883553999194e-10   4.402820966955418e-9
13.516568640000001   5.091538754427371e-9   1.46313041594237e-10   3.686841622859247e-9
14.44840008   4.2623139417380766e-9   1.224824877462513e-10   3.0863745622064824e-9
15.44444904   3.5671300643048366e-9   1.0250268343012289e-10   2.5829582525465597e-9
16.50918636   2.984493427447723e-9   8.575801622469287e-11   2.1610764840139566e-9
17.647286100000002   2.4963004441216756e-9   7.172895756597284e-11   1.8075930082855198e-9
18.8638965   2.0874534869515473e-9   5.997816242000563e-11   1.5115330413191475e-9
20.16436902   1.7450954891397498e-9   5.0138930901307877e-11   1.2636292129571747e-9
21.55446156   1.4585158668960042e-9   4.190312257269062e-11   1.0561146874555914e-9
23.0404062   1.2186937827978474e-9   3.5010806640713944e-11   8.824565677731197e-10
24.628773719999998   1.0180529779851804e-9   2.92443324913591e-11   7.371710714521834e-10
26.32667682   8.502419520247598e-10   2.4421587549208784e-11   6.156563757266626e-10
28.14163464   7.099259517946461e-10   2.0389027789980362e-11   5.140535200384547e-10
30.0816405   5.926274433782257e-10   1.701811531196148e-11   4.29115937698928e-10
32.1555006   4.946015449654472e-10   1.420100205071872e-11   3.5813320188961994e-10
34.37222436   4.1269584165999056e-10   1.1847296722574206e-11   2.988254846350086e-10
36.7418373   3.44278996280445e-10   9.881294986375336e-12   2.492852272663525e-10
39.274771380000004   2.8714284299819475e-10   8.239533591490048e-12   2.0791288546812755e-10
41.982339180000004   2.394394650375141e-10   6.868877171658105e-12   1.733708953796123e-10
44.87659842   1.9962205187619645e-10   5.724832212788389e-12   1.4453699047253756e-10
47.970351959999995   1.6638929896041025e-10   4.770138809977386e-12   1.2047472491724793e-10
51.27735102   1.3866290758842397e-10   3.973672371862656e-12   1.0039900598245967e-10
54.812362920000005   1.1553427396799492e-10   3.3093628068546664e-12   8.365131450539467e-11
58.591103340000004   9.624606910185622e-11   2.755391114249615e-12   6.968432952500422e-11
62.63030406   8.016245119411947e-11   2.2935319468458603e-12   5.8038388323908716e-11
66.94798392   6.675427112629164e-11   1.908582811744102e-12   4.832971642767808e-11
71.5632456   5.557873183182499e-11   1.5878019379856431e-12   4.02377370184862e-11
76.4967498   4.626608887110738e-11   1.3205488201547619e-12   3.349453258513333e-11
81.77030880000001   3.850707365855344e-11   1.0979462184993146e-12   2.78765130943109e-11
87.40763159999999   3.204383557277956e-11   9.125616134711666e-13   2.319673343258742e-11
93.43310460000001   2.6660902171628796e-11   7.582237224586858e-13   1.9299124032818874e-11
99.8745012   2.2178656652151503e-11   6.297631002907096e-13   1.605382804649064e-11
106.7595948   1.8446965331754476e-11   5.228630916853344e-13   1.3351879163311743e-11
114.11954580000001   1.5340724236481806e-11   4.3392889957851313e-13   1.1102889005606215e-11
121.98686939999999   1.275546512721833e-11   3.5995961410113555e-13   9.231176809207537e-12
130.39679040000001   1.0604363465208353e-11   2.9845306185367715e-13   7.673806407344187e-12
139.3865658   8.814678172848153e-12   2.473241444321262e-13   6.3780707234492295e-12
148.99548479999999   7.32589769486917e-12   2.0483336006045322e-13   5.3002516603689015e-12
159.26690100000002   6.087693678664733e-12   1.695325627302322e-13   4.403907429935762e-12
170.2468776   5.058054585467905e-12   1.4021502140902424e-13   3.658543940628575e-12
181.98351   4.201922746458933e-12   1.1587507308059296e-13   3.038824045545866e-12
194.52895800000002   3.4902582670329872e-12   9.567518217268622e-14   2.5236900508374187e-12
207.94012320000002   2.898737102689054e-12   7.89186240279055e-14   2.095530641433377e-12
222.275262   2.407102492268049e-12   6.50238636685675e-14   1.7397270779922778e-12
237.59872739999997   1.99859632933563e-12   5.3508443535402484e-14   1.4440952774215789e-12
253.97825939999998   1.659203410918882e-12   4.397037725904515e-14   1.1984997637177131e-12
271.4876946   1.3772694563622265e-12   3.60754762132901e-14   9.945041299148996e-13
290.20357920000004   1.1430909143112736e-12   2.9544176549959825e-14   8.250867654073779e-13
310.2099108   9.486144671962819e-13   2.4146336828173618e-14   6.844065697797003e-13
331.5954288   7.871249639558855e-13   1.968905650465499e-14   5.676107739356829e-13
354.4556466   6.530511429640465e-13   1.601254350417109e-14   4.706558013699678e-13
378.89149679999997   5.417452465009212e-13   1.2983641777986067e-14   3.9018557123053845e-13
405.0113634   4.493578510414203e-13   1.0492028221634705e-14   3.234082803910474e-13
432.933114   3.7268480571632127e-13   8.445773113609205e-15   2.6800261723926307e-13
462.7786806   3.090553696861897e-13   6.768691383580767e-15   2.2203974554417786e-13
494.6821884   2.562609004836218e-13   5.397357032422663e-15   1.8391782967094634e-13
528.785214   2.124609361458297e-13   4.279211464627597e-15   1.523046415950323e-13
565.2394949999999   1.7612894333656613e-13   3.3704806232817878e-15   1.260925411314923e-13
604.2062526   1.459919586838405e-13   2.6348378945405268e-15   1.0436564400763499e-13
645.8595786   1.209992456275871e-13   2.0421583221723643e-15   8.635804538961678e-14
690.385758   1.0027335010794113e-13   1.5672866993399586e-15   7.143828663240072e-14
737.9798820000001   8.308955022068204e-14   1.1893341150871121e-15   5.907887063523739e-14
788.852622   6.884250726996433e-14   8.909592096962715e-16   4.884320077841599e-14
843.2410679999999   5.703300371458818e-14   6.576317432607411e-16   4.036964779776675e-14
901.3687620000001   4.724376721879197e-14   4.772349868470637e-16   3.335591841216318e-14
963.5066639999999   3.9130879151252914e-14   3.396559117897003e-16   2.7553301602267526e-14
1029.932508   3.2407947644195176e-14   2.364183276375396e-16   2.2754164564940146e-14
1100.937576   2.6837289189064515e-14   1.604274698623008e-16   1.87866774402167e-14
1176.833472   2.2221985304619672e-14   1.0575662079087308e-16   1.5507828941347802e-14
1257.96567   1.8398528432967632e-14   6.747271875386777e-17   1.279955191028532e-14
1344.686418   1.5231405536528038e-14   4.150056343667413e-17   1.0563437106787081e-14
1437.388608   1.2608280565236039e-14   2.452237284174813e-17   8.717923146027664e-15
1536.47868   1.0436005617252947e-14   1.388869437523328e-17   7.195403853107737e-15
1642.403718   8.637164131128774e-15   7.544080346382923e-18   5.939781468398875e-15
1755.6311279999998   7.147731622259414e-15   3.9554805951016416e-18   4.904467718759997e-15
1876.662186   5.914711322763949e-15   2.0358679797782043e-18   4.050835710858235e-15
2006.038812   4.893919607553162e-15   1.0622022722673105e-18   3.3469475056427944e-15
2144.330022   4.049020863134697e-15   5.88879076649495e-19   2.766364760408262e-15
2292.159024   3.3497734442853383e-15   3.6359372053647988e-19   2.287195514489522e-15
2450.1761220000003   2.771025135086498e-15   2.5429588148828726e-19   1.8914526260008364e-15
2619.0925859999998   2.2921340918206674e-15   1.95207888435218e-19   1.5643638174959347e-15
2799.6467820000003   1.895872004098454e-15   1.5422679261670233e-19   1.2938147287496917e-15
2992.6515900000004   1.5680121009411204e-15   1.174202011530636e-19   1.069925736495861e-15
3198.9673080000002   1.2967597687044958e-15   8.213587338843871e-20   8.84609497105089e-16
3419.501652   1.0723612320984535e-15   5.1614847878491117e-20   7.312520139922446e-16
3655.2368519999995   8.867344067357166e-16   2.9409548948151146e-20   6.044031651018553e-16
3907.222878   7.331847796642613e-16   1.5992494163946116e-20   4.995386753672051e-16
4176.5842139999995   6.061846924875949e-16   9.074401039246844e-21   4.128882066126228e-16
4464.513084   5.01150150951903e-16   5.7747786478135375e-21   3.412849763977473e-16
4772.296548   4.1428646980252215e-16   4.0323047684104644e-21   2.821002486649099e-16
5101.289406   3.4245477046122385e-16   2.8003455983732567e-21   2.331664105720656e-16
5452.96839   2.830615162204989e-16   1.7938978881282124e-21   1.9270154946599947e-16
5828.891519999999   2.339519508973959e-16   1.071993635250196e-21   1.592457686905606e-16
6230.731974   1.9335013945216702e-16   6.480588017173214e-22   1.3159368758390197e-16
6660.2713140000005   1.597846691703039e-16   4.1745357298984e-22   1.0873960963954297e-16
7119.40626   1.3203610442549443e-16   2.7385182429317015e-22   8.985070408299328e-17
7610.2503   1.0910126052669185e-16   1.72864858608764e-22   7.423846011024761e-17
8134.8966   9.014364141637509e-17   1.0727431547646236e-22   6.13349228577295e-17
8695.71606   7.447575814758695e-17   6.81551534920182e-23   5.067163676292401e-17
9295.14732   6.152689188615922e-17   4.3486489808261886e-23   4.1859730864201624e-17
9935.967719999999   5.082656863312191e-17   2.7381777517844977e-23   3.45783198075179e-17
10620.954600000001   4.198452851259103e-17   1.732699038128284e-23   2.856198516074104e-17
11353.156260000002   3.467865419245121e-17   1.0982724322142809e-23   2.3591101569591253e-17
12135.82422   2.864229938162952e-17   6.938597444249699e-24   1.9484190237200304e-17
12972.41322   2.3655268605628942e-17   4.3922370100391714e-24   1.609133851270661e-17
13866.78444   1.953552645042881e-17   2.778326464673517e-24   1.3288601588952468e-17
14822.710261170401   1.613531029503008e-17   2.3015147446066116e-24   1.0973477692523692e-17
15844.534141082093   1.3326110997066511e-17   1.906348900447078e-24   9.061167063352111e-18
16936.798852876804   1.1005346432694562e-17   1.5788822047123258e-24   7.481679614685872e-18
18104.36033199891   9.08821255100287e-18   1.307544109502527e-24   6.177168604659063e-18
19352.40926446868   7.504607320548707e-18   1.0827365426643182e-24   5.099826994717952e-18
20686.494163372787   6.1965859588037435e-18   8.964985823238412e-25   4.2101476355547106e-18
22112.54603616431   5.116255894164208e-18   7.4222796654461e-25   3.475484465630243e-18
23636.90475243697   4.2240356115350555e-18   6.144498364396663e-25   2.868862731988459e-18
25266.347229398078   3.4872145905997914e-18   5.086247273750046e-25   2.367995206350785e-18
27008.117560345705   2.878762360512925e-18   4.209891681923043e-25   1.954468790476187e-18
28869.959220093868   2.3763436505003562e-18   3.484233679000924e-25   1.613072048303894e-18
30860.149490522814   1.96150403154963e-18   2.88341400762292e-25   1.3312392879170285e-18
32987.53625930197   1.6189965842837307e-18   2.386000756051685e-25   1.098591025712396e-18
35261.57735538328   1.336225211263523e-18   1.9742331968443286e-25   9.065541489882934e-19
37692.382596140844   1.1027844198619002e-18   1.6333944345062591e-25   7.480479762723825e-19
40290.758733087845   9.100788848979129e-19   1.3512909822495048e-25   6.172248004865909e-19
43068.2574959881   7.510089830244785e-19   1.117821093117264e-25   5.092554741116924e-19
46037.22694895449   6.197108766645856e-19   9.2461675055352e-26   4.2015222878483655e-19
49210.866386850474   5.113416996064118e-19   7.647467831398594e-26   3.466222729630644e-19
52603.28501605041   4.219020300309697e-19   6.324706952304417e-26   2.8594682904003516e-19
56229.564680438656   3.480891884224706e-19   5.230345724564807e-26   2.3588119587105553e-19
60105.82691151154   2.8717601608420057e-19   4.3250188918476284e-26   1.9457218737273097e-19
64249.30460067011   2.369107150807972e-19   3.576132644593564e-26   1.604899303086177e-19
68678.41861234081   1.954340956603205e-19   2.9567022571040856e-26   1.3237152738841224e-19
73412.8596785268   1.6121121015326736e-19   2.4443888049689454e-26   1.0917452429706518e-19
78473.67593887255   1.329748758294914e-19   2.020700948015087e-26   9.003847687433523e-20
83883.36651542303   1.0967902211459738e-19   1.6703335606341513e-26   7.4253210329272e-20
89665.98153808732   9.046015556535847e-20   1.3806198029484134e-26   6.123260680882456e-20
95847.2290654949   7.460553202336636e-20   1.1410772196952063e-26   5.049295970723635e-20
102454.58937658794   6.152687011947126e-20   9.430317676576632e-27   4.1635100134721557e-20
109517.43714106135   5.0738642652496637e-20   7.79306422215399e-27   3.432963902518492e-20
117067.17201178991   4.184014964824912e-20   6.439632949104663e-27   2.830478247035145e-20
125137.3582198236   3.450071518671976e-20   5.3209008639151704e-27   2.333627217115362e-20
133763.8737925555   2.844746438623522e-20   4.396232688079461e-27   1.9239080828488795e-20
142985.07005844908   2.3455231405447876e-20   3.632016935708205e-27   1.5860556692630333e-20
152841.9421474427   1.933822740197788e-20   3.0004539996483238e-27   1.3074764700594262e-20
163378.31124503355   1.5943161910840612e-20   2.478552952362457e-27   1.0777815594212448e-20
174641.01941029713   1.3143564425731743e-20   2.047301189197776e-27   8.884010733037633e-21
186680.1378239544   1.0835097024489219e-20   1.6909771938745263e-27   7.322660322006408e-21
199549.18939230507   8.931685282986739e-21   1.3965818055480211e-27   6.0354575606119826e-21
213305.38669666892   7.36232479754682e-21   1.1533675933142781e-27   4.974311694667039e-21
228009.88634619818   6.068445482802625e-21   9.524494466262709e-28   4.099559862834763e-21
243728.06086485062   5.00173633760942e-21   7.864823924588892e-28   3.3784915972478983e-21
260529.78932126382   4.122350326556027e-21   6.493950548202113e-28   2.7841313725276397e-21
278489.76799359935   3.39742302916677e-21   5.361691644705978e-28   2.2942341233088126e-21
297687.8424504941   2.799850275725496e-21   4.426571770731081e-28   1.8904565164821188e-21
318209.3625244678   2.3072795415372727e-21   3.6543142500127594e-28   1.5576732595704637e-21
340145.56175591017   1.9012777605598236e-21   3.0165936021613e-28   1.2834130895757236e-21
363593.9629945594   1.5666447340700838e-21   2.490003832405012e-28   1.05739351440099e-21
388658.81196167617   1.2908466895024658e-21   2.055205296699758e-28   8.71137034431085e-22
415451.5407004211   1.0635489863801466e-21   1.6962192852330697e-28   7.1765458957642e-22
444091.26297481946   8.762306335962253e-22   1.3998447897339285e-28   5.911844681811891e-22
474705.3038197346   7.218663100463907e-22   1.155176326102397e-28   4.869769704568381e-22
507429.7655960953   5.946640801753373e-22   9.532053311172846e-29   4.0111681633762107e-22
542410.133067917   4.898490594021557e-22   7.864906707991141e-29   3.3037668847784802e-22
579801.9201911386   4.034849876489709e-22   6.488862964636062e-29   2.7209645722616616e-22
619771.3614897354   3.3232707509537746e-22   5.353161521178953e-29   2.240835885184855e-22
662496.1510927934   2.7370064467073303e-22   4.4158814777987097e-29   1.8453102298459104e-22
708166.2327181189   2.254010534991126e-22   3.64240428956427e-29   1.5194946427490588e-22
756984.6441144526   1.8561116588981038e-22   3.004143437616803e-29   1.2511155071814882e-22
809168.4197164677   1.5283330271987622e-22   2.47749478110241e-29   1.0300582676070864e-22
864949.5555255278   1.2583313029501049e-22   2.0429693095828034e-29   8.479879559559016e-23
924576.040505826   1.035933959081299e-22   1.6844766456062116e-29   6.980363548539551e-23
988312.9590812321   8.527578377650171e-23   1.388733130692621e-29   5.745441068223718e-23
1.056443669634273e6   7.01894673968352e-23   1.1447728630491741e-29   4.728481276115095e-23
1.129271064246559e6   5.776518381404121e-23   9.435438056664732e-30   3.8910637216881546e-23
1.2071189152811454e6   4.753386109948998e-23   7.775741846082184e-30   3.201533960292711e-23
1.2903333147933963e6   3.9109000110380206e-23   6.406969614761992e-30   2.6338130495922156e-23
1.379284213169615e6   3.217215165246277e-23   5.278222840400984e-30   2.166416342210151e-23
1.4743670638338388e6   2.6460945692782906e-23   4.3474957167788914e-30   1.7816448112818202e-23
1.5760045813347541e6   2.1759224557968958e-23   3.5801234112858446e-30   1.4649185973267014e-23
1.6846486206287479e6   1.7888910647755368e-23   2.9475007569037202e-30   1.2042277854072793e-23
1.800782185913915e6   1.470330401483368e-23   2.4260243089612708e-30   9.896798090535458e-24
1.9249215779457958e6   1.2081558621854792e-23   1.9962188784043807e-30   8.131264953702168e-24
2.0576186893812725e6   9.924130173903796e-24   1.6420164147313974e-30   6.678567489602363e-24
2.1994634583551465e6   8.149024781491106e-24   1.3501606992295227e-30   5.4834333204027074e-24
2.3510864911973863e6   6.68870768931354e-24   1.1097159262229224e-30   4.500342261602814e-24
2.51316186595099e6   5.487556027012948e-24   9.116610649932054e-31   3.69180732966621e-24
2.686410129154199e6   4.499759921599966e-24   7.485550470068118e-31   3.026958499033286e-24
2.8716014992100056e6   3.687593117454125e-24   6.1426042712883655e-31   2.480375931267606e-24
3.0695592905843416e6   3.0199881060440432e-24   5.03715318732335e-31   2.031128766868943e-24
3.281163574056062e6   2.471362191064434e-24   4.127451796542238e-31   1.6619832923234275e-24
3.507355089291289e6   2.0206503322570964e-24   3.379074937985962e-31   1.3587506601190745e-24
3.7491394271364426e6   1.650508374697137e-24   2.763636055680897e-31   1.1097495859445136e-24
4.007591500223377e6   1.3466566700275932e-24   2.2577296561565e-31   9.053637715401119e-25
4.283860321761822e6   1.0973393713780276e-24   1.8420587334838263e-31   7.376773656541087e-25
4.579174113764445e6   8.928790318989004e-25   1.5007148450746877e-31   6.001747128227632e-25
4.894845767414411e6   7.253097207590812e-25   1.2205841605248874e-31   4.874930603560883e-25
5.232278679850884e6   5.880748243135439e-25   9.908574620129124e-32   3.9521888875580277e-25
5.592972993321348e6   4.75778134630304e-25   8.026259192659951e-32   3.197201746684745e-25
5.978532264438455e6   3.839788339303657e-25   6.485476362356952e-32   2.5800825009302563e-25
6.390670593191255e6   3.090226369905467e-25   5.225725871750664e-32   2.0762403779199404e-25
6.8312202434045905e6   2.4790271623296875e-25   4.197157232704571e-32   1.665443626428145e-25
7.302139788525337e6   1.9814515723844917e-25   3.3586981707441097e-32   1.3310479658865833e-25
7.805522818949582e6   1.5771461796212487e-25   2.6765108658040086e-32   1.0593611941860225e-25
8.343607249601372e6   1.2493662778801808e-25   2.1227185829891155e-32   8.391199233151237e-26
8.918785269142166e6   9.843359142384553e-26   1.6743553410552706e-32   6.610586549949008e-26
9.53361397504271e6   7.707208116303087e-26   1.3124995708440393e-32   5.175549062417546e-26
1.0190826741798177e7   5.991942872375714e-26   1.0215595776112331e-32   4.023369794080013e-26
1.0893345372826848e7   4.620798076688569e-26   7.88684293099228e-33   3.10243351109923e-26
1.1644293090076575e7   3.530567348322064e-26   6.0327749352659235e-33   2.3702461860956954e-26
1.2447008419087632e7   2.669182211587795e-26   4.565975389685802e-33   1.79180563521132e-26
1.3305060031241411e7   1.9937219710917016e-26   3.414278965125606e-33   1.3382623034776468e-26
1.4222262609179921e7   1.4687802809391488e-26   2.518063553690433e-33   9.85820188574725e-27
1.5202693805929746e7   1.0651275770564439e-26   1.8280301451405723e-33   7.148369225185671e-27
1.6250712373126512e7   7.58619426335523e-27   1.303388900782827e-33   5.090893661412451e-27
1.737097753893337e7   5.293095486471292e-27   9.103840197834936e-34   3.5517693585319906e-27
1.8568469721802916e7   3.607330470822923e-27   6.211009720495118e-34   2.4203945152174854e-27
1.9848512672170706e7   2.393304653665024e-27   4.125078589221024e-34   1.6056972205708899e-27
2.121679714051681e7   1.539869241654108e-27   2.6568844577014874e-34   1.0330353680770622e-27
2.2679406177017692e7   9.566308822736888e-28   1.6522830971246844e-34   6.417142048911217e-28
2.4242842175264318e7   5.709652296687361e-28   9.871829766021786e-35   3.829773221749047e-28
2.591405578027608e7   3.2553684712342986e-28   5.634207163892268e-35   2.1833829702805255e-28
2.7700476789328367e7   1.7615003669521074e-28   3.0518053122992667e-35   1.181351396611702e-28
2.9610047182971098e7   8.978839283488601e-29   1.557157398606477e-35   6.021204513399407e-29
3.1651256433085844e7   4.274778295473211e-29   7.420975122392515e-36   2.866446348083851e-29
3.383317924495237e7   1.8825062323746408e-29   3.271265073711119e-36   1.2622166515364987e-29
3.6165515901116304e7   7.583319516561304e-30   1.3190689780760184e-36   5.0842197775033255e-30
3.865863538641674e7   2.759079893258276e-30   4.8039469430832215e-37   1.849681404266559e-30
4.132362148589682e7   8.936059241459781e-31   1.5574091029579428e-37   5.990272786763473e-31
4.417232206053702e7   2.533962685393766e-31   4.420553287193056e-38   1.6985130709828206e-31
4.721740171987881e7   6.172979497964933e-32   1.0779237186557687e-38   4.137441240829068e-32
5.0472398125707895e7   1.2642234256323754e-32   2.2096875606736142e-39   8.472847137310255e-33
5.395178217710918e7   2.123438067920976e-33   3.714989374826946e-40   1.4230294066530676e-33
5.767102234446109e7   2.8435549874081812e-34   4.97952221177931e-41   1.9054819874823217e-34
6.1646653438382104e7   2.939394747382145e-35   5.152158075000893e-42   1.969564793476872e-35
6.5896350119359076e7   2.2604510513104654e-36   3.9657814877885166e-43   1.514526255825419e-36
7.04390054748626e7   1.2398042091822798e-37   2.1771402376336554e-44   8.306237484040015e-38
7.52948150132838e7   4.621669592767089e-39   8.123235804166071e-46   3.096134826805847e-39
8.048536644810838e7   1.1081890956228343e-40   1.9495670644493497e-47   7.423432588948768e-41
8.603373567148593e7   1.604974163252699e-42   2.826075720577101e-49   1.0750509811508103e-42
9.196458934386913e7   1.3065723671390433e-44   2.3027033208730183e-51   8.75114320182589e-45
9.830429455581044e7   5.507167745390313e-47   9.714466364762233e-54   3.688332978218688e-47
1.0508103604944527e8   1.0941618957501584e-49   1.9317714284461018e-56   7.327470592297802e-50
1.1232494152079909e8   9.204652112473692e-53   1.62653138798097e-59   6.163831276893715e-53
1.2006821555998105e8   2.9005170557189236e-56   5.129899367300331e-63   1.9421815966258132e-56
1.2834528282472874e8   2.976209424527879e-60   5.2683270036352536e-67   1.9927330665775534e-60
1.3719294108381778e8   8.473728826973427e-65   1.5012640970304195e-71   5.673245918990752e-65
1.4665052481072885e8   5.575702837835308e-70   9.886736712440383e-77   3.7327443997670994e-70
1.5676008005486897e8   6.880245208301956e-76   1.2210279775624236e-82   4.605791889487588e-76
1.6756655136778027e8   1.2540407811619799e-82   2.2274054037451172e-89   8.394290397632517e-83
1.7911798161536357e8   2.570160780993756e-90   4.5688973113675645e-97   1.7203021404877281e-90
1.9146572556443205e8   4.337021046631571e-99   7.716204688192439e-106   2.9027407254122906e-99
2.0466467819314703e8   4.220283339970611e-109   7.514715743164102e-116   2.824429730224131e-109
2.187735187403471e8   1.5764777537867466e-120   2.8094104167823258e-127   1.0549931207204979e-120
2.3385497157875288e8   1.420046223602761e-133   2.53270084791858e-140   9.502481766933764e-134
2.4997608507182413e8   1.8132504965020884e-148   3.236614638013343e-155   1.2132919503668292e-148
2.6720852965399718e8   1.788622007910444e-165   3.195223615458983e-172   1.1967383054090976e-165
2.856289164594927e8   6.811590830220333e-185   1.2178070490283687e-191   4.557245732432583e-185
3.053191379162377e8   4.533647104517493e-207   8.111901252568545e-214   3.0330183641209596e-207
3.263667318190972e8   2.1321830341708994e-232   3.818055418124143e-239   1.4263476907504857e-232
3.4886527050099385e8   2.517642697411696e-261   4.5118271289269175e-268   1.6841034477311811e-261
3.729147768320729e8   2.2881172783311304e-294   4.1036950410239145e-301   1.5304771716092828e-294
3.986221688963406e8   4.145376137044516e-332   7.440412895139101e-339   2.772595915471122e-332
4.2610173532269746e8   3.197849656824646e-375   5.744143793169746e-382   2.138724734319491e-375
4.5547564338356817e8   1.80033259080671e-424   3.236324524964752e-431   1.203992993141033e-424
4.868744821200087e8   9.85798975655577e-481   1.773444720618463e-487   6.592256472073485e-481
5.2043784290788805e8   5.248936542470776e-545   9.44992844552144e-552   3.509875576027985e-545
5.563149400461965e8   1.956454371141695e-618   3.524948508608502e-625   1.308172262811808e-618
5.946652741264607e8   2.525047537411538e-702   4.552777633615157e-709   1.688261561363883e-702
6.356593411324408e8   3.63520906991484e-798   6.559308991951163e-805   2.430382746384471e-798
6.794793904225883e8   1.15217828425412e-907   2.080502330978008e-914   7.702650919872763e-908
7.263202349650639e8   9.06512692537884e-1033   1.638099439248662e-1039   6.059960781490916e-1033
7.763901174274209e8   1.052957992743945e-1175   1.904115613477428e-1182   7.038538737265767e-1176
8.299116359713677e8   5.170261527312517e-1339   9.35639911974654e-1346   3.455887902300422e-1339
8.871227338684646e8   1.333053011273967e-1525   2.414102401439958e-1532   8.909849551395181e-1526
9.482777573363366e8   8.63258495374806e-1739   1.564441280418709e-1745   5.769521082725076e-1739
1.0136485862982774e9   2.257167614214739e-1982   4.093459240630962e-1989   1.508477387157454e-1982
1.0835258430933194e9   1.1020276527021e-2260   1.999979476178706e-2267   7.364507554562654e-2261
1.1582201845103917e9   1.119012027768889e-2578   2.032227564977779e-2585   7.477601812074983e-2579
1.2380636828906262e9   5.174275664019866e-2942   9.40350692165445e-2949   3.457431916390727e-2942
1.3234113024378471e9   3.718688041727037e-3357   6.762868132463375e-3364   2.484679906698435e-3357
1.414642477300551e9   1.695408114772228e-3831   3.085421595089289e-3838   1.132743857435866e-3831
1.5121627984411328e9   1.767829258062176e-4373   3.219421762052336e-4380   1.181067348654718e-4373
1.6164058167917619e9   9.49803089606122e-4993   1.730878837799858e-4999   6.345194523744504e-4993
1.7278349707132776e9   2.492644433024778e-5700   4.545557981099893e-5707   1.665132662578831e-5700
1.8469456463261151e9   8.112303805636665e-6509   1.480345602986552e-6515   5.41888563960389e-6509
1.9742673798729694e9   1.328292303272458e-7432   2.425508984599324e-7439   8.872312553953003e-7433
2.1103662119043524e9   3.93267726481536e-8488   7.185982453148829e-8495   2.626691122832603e-8488
2.2558472037531657e9   3.41603911809217e-9694   6.246080855769022e-9701   2.281503714447298e-9694
2.411357127485898e9   2.951865099118403e-11072   5.400904744550973e-11079   1.971390320870713e-11072
2.577587341289308e9   7.457498586499692e-12647   1.365358737449092e-12653   4.98020458651602e-12647
2.7552768630758276e9   5.132715500289087e-14446   9.40335261057267e-14453   3.42751376831497e-14446
2.945215655972179e9   9.01197658161235e-16502   1.652098304180207e-16508   6.017695398544893e-16502
3.1482481402976546e9   1.021889555021997e-18850   1.874556235886053e-18857   6.823266851566774e-18851
3.3652769476454487e9   1.142617955342451e-21534   2.097358329796804e-21541   7.62900339777496e-21535
3.597266933756729e9   2.08967868056648e-24601   3.838191054075436e-24608   1.395162390362616e-24601
3.8452494680276985e9   1.588742389142031e-28105   2.919943636882622e-28112   1.060662786731577e-28105
4.1103270187197127e9   2.086138632582941e-32109   3.836511420943079e-32116   1.392662013841107e-32109
4.393678054257151e9   2.490646776511643e-36684   4.583278667343001e-36691   1.662622042605169e-36684
4.696562282402983e9   9.70980864486912e-41912   1.787903401047132e-41918   6.481432574397198e-41912
5.020326250604098e9   1.074568512276401e-47884   1.979863373183508e-47891   7.172548631994679e-47885
5.36640933240413e9   1.565969955629971e-54709   2.887026409125303e-54716   1.045206213516135e-54709
5.736350126537856e9   9.51553720674649e-62508   1.755356631056371e-62514   6.350839623246315e-62508
6.131793297155968e9   3.580195068693559e-71418   6.608486052895798e-71425   2.389372771128098e-71418
6.554496885590117e9   1.961316851235042e-81599   3.622470096740556e-81606   1.308893993899703e-81599
7.006340126164528e9   8.735617241697426e-93233   1.614399247798689e-93239   5.829481317032811e-93233
7.489331800801305e9   2.48810548804357e-106525   4.600923266358374e-106532   1.660293306110534e-106525
8.005619169561932e9   1.032183842570752e-121713   1.909812237707241e-121720   6.887361843704549e-121714
8.557497516827911e9   2.519477949670673e-139068   4.664447040088891e-139075   1.681072047569359e-139068
9.147420355560463e9   3.981033377236152e-158898   7.374625988436593e-158905   2.656143960508809e-158898
9.77801033500488e9   3.855476596836724e-181556   7.146204277886684e-181563   2.572254832091942e-181556
